462639 100
0 0.01 5000000 5 8
0 -4.44271058702e-003  5.82753053055e-004  1.85410778926e-004  2.21926757616e-002
#      ^^ E0 ^^          ^^ Lx0 ^^          ^^ Ly0 ^^          ^^ Lz0 ^^
#
# HNBody system energy/angular momentum conservation file.
#
#
# Column order: t      (E-E0)/E0   (Lx-Lx0)/L0   (Ly-Ly0)/L0   (Lz-Lz0)/L0
#
                0  0.000000e+000 0.000000e+000 0.000000e+000 0.000000e+000
            50000  -4.787102e-013 -1.465065e-017 2.319687e-017 -3.125473e-016
           100000  -4.683629e-013 -2.930131e-017 2.563865e-017 0.000000e+000
           150000  -4.925717e-013 -4.395196e-017 4.395196e-017 6.250946e-016
           200000  -5.064332e-013 -2.930131e-017 3.784753e-017 1.562737e-016
           250000  -2.809396e-013 -9.767103e-018 9.767103e-018 1.562737e-016
           300000  -4.789055e-013 1.465065e-017 2.563865e-017 9.376419e-016
           350000  -5.050666e-013 2.930131e-017 -1.220888e-018 3.125473e-016
           400000  -4.980382e-013 3.418486e-017 1.220888e-018 1.562737e-016
           450000  -5.050666e-013 4.395196e-017 1.709243e-017 6.250946e-016
           500000  -2.879680e-013 5.860262e-017 2.075509e-017 7.813683e-016
           550000  -6.489530e-013 8.302038e-017 2.441776e-017 1.406463e-015
           600000  -5.802312e-013 7.813683e-017 3.784753e-017 1.250189e-015
           650000  -5.245899e-013 8.790393e-017 4.883552e-017 1.406463e-015
           700000  -1.202828e-012 8.302038e-017 7.081150e-017 7.813683e-016
           750000  -3.469282e-013 1.123217e-016 3.418486e-017 6.250946e-016
           800000  -5.448941e-013 1.465065e-016 4.028930e-017 2.187831e-015
           850000  -4.898385e-013 1.465065e-016 7.813683e-017 2.812926e-015
           900000  -4.316592e-013 1.611572e-016 6.592795e-017 2.500378e-015
           950000  -5.222471e-013 1.660408e-016 6.104440e-017 2.031557e-015
          1000000  -1.024971e-013 1.367394e-016 5.493996e-017 1.875284e-015
          1050000  -4.593822e-013 1.074381e-016 5.982351e-017 1.562737e-015
          1100000  -5.368895e-013 7.813683e-017 4.395196e-017 1.562737e-015
          1150000  -5.074094e-013 8.302038e-017 2.685953e-017 1.719010e-015
          1200000  -5.544605e-013 8.790393e-017 -1.220888e-018 1.562737e-015
          1250000  -6.909280e-013 1.123217e-016 1.220888e-018 1.875284e-015
          1300000  -4.285355e-013 1.123217e-016 -3.662664e-017 1.406463e-015
          1350000  -4.291212e-013 1.123217e-016 -3.540575e-017 2.031557e-015
          1400000  4.878862e-013 1.074381e-016 -2.197598e-017 2.031557e-015
          1450000  -2.582927e-013 9.767103e-017 -3.052220e-017 1.562737e-015
          1500000  6.114684e-013 1.074381e-016 -5.371907e-017 1.406463e-015
          1550000  -1.967749e-012 1.123217e-016 -5.127729e-017 1.406463e-015
          1600000  -1.038637e-013 9.767103e-017 -5.493996e-017 1.719010e-015
          1650000  2.266650e-013 1.220888e-016 -6.348617e-017 2.187831e-015
          1700000  -9.839721e-013 1.074381e-016 -4.639374e-017 1.250189e-015
          1750000  -2.930441e-013 9.278748e-017 -3.418486e-017 1.250189e-015
          1800000  -4.242403e-013 1.123217e-016 -2.441776e-017 1.562737e-015
          1850000  -2.666877e-013 1.172052e-016 -7.325327e-018 2.812926e-015
          1900000  -4.806625e-013 1.172052e-016 1.465065e-017 1.719010e-015
          1950000  -5.081903e-013 1.269723e-016 -1.220888e-018 1.875284e-015
          2000000  -1.893756e-013 1.269723e-016 1.098799e-017 1.719010e-015
          2050000  -6.153730e-013 1.269723e-016 3.662664e-018 1.875284e-015
          2100000  -1.513052e-013 9.278748e-017 3.540575e-017 1.562737e-015
          2150000  -1.077684e-012 1.172052e-016 -1.098799e-017 9.376419e-016
          2200000  1.360185e-012 1.123217e-016 -2.930131e-017 4.688210e-016
          2250000  -1.032975e-012 1.123217e-016 -9.767103e-018 1.093916e-015
          2300000  4.791593e-012 1.220888e-016 -3.296397e-017 1.093916e-015
          2350000  9.150745e-012 1.269723e-016 -5.127729e-017 1.406463e-015
          2400000  -8.216948e-012 1.465065e-016 -3.784753e-017 1.250189e-015
          2450000  -3.075694e-012 1.416230e-016 -2.808042e-017 4.688210e-016
          2500000  3.806059e-012 1.562737e-016 -5.249818e-017 9.376419e-016
          2550000  5.099474e-013 1.513901e-016 -6.348617e-017 7.813683e-016
          2600000  -8.246623e-013 1.416230e-016 -7.935771e-017 9.376419e-016
          2650000  -5.331801e-013 1.269723e-016 -4.883552e-017 1.562737e-016
          2700000  -4.796864e-013 1.269723e-016 -7.325327e-017 6.250946e-016
          2750000  -3.449759e-013 1.123217e-016 -6.714883e-017 4.688210e-016
          2800000  -6.360677e-013 8.790393e-017 -6.836972e-017 4.688210e-016
          2850000  -4.025695e-013 9.278748e-017 -5.005640e-017 4.688210e-016
          2900000  -5.208805e-013 1.025546e-016 -5.616084e-017 3.125473e-016
          2950000  -2.342791e-013 8.790393e-017 -3.174309e-017 6.250946e-016
          3000000  -2.440407e-013 7.325327e-017 -3.906841e-017 3.125473e-016
          3050000  -4.414208e-013 5.860262e-017 -5.493996e-017 3.125473e-016
          3100000  -4.806625e-013 6.348617e-017 -2.930131e-017 7.813683e-016
          3150000  -6.073685e-013 8.302038e-017 -5.738173e-017 1.406463e-015
          3200000  -4.945241e-013 6.348617e-017 -5.005640e-017 6.250946e-016
          3250000  -2.036276e-013 3.906841e-017 -5.371907e-017 6.250946e-016
          3300000  -4.638726e-013 3.418486e-017 -5.249818e-017 1.093916e-015
          3350000  -2.592688e-013 4.883552e-017 -6.836972e-017 4.688210e-016
          3400000  -5.523129e-013 3.418486e-017 -5.616084e-017 1.562737e-016
          3450000  -4.830053e-013 3.418486e-017 -7.081150e-017 4.688210e-016
          3500000  -2.547785e-013 1.953421e-017 -6.226528e-017 1.562737e-016
          3550000  -2.744970e-013 4.883552e-018 -1.025546e-016 -4.688210e-016
          3600000  -5.076046e-013 3.418486e-017 -7.813683e-017 -4.688210e-016
          3650000  -4.662153e-013 1.953421e-017 -6.714883e-017 -4.688210e-016
          3700000  -6.052209e-013 2.441776e-017 -7.935771e-017 -1.093916e-015
          3750000  -1.788135e-012 5.860262e-017 -8.179949e-017 -4.688210e-016
          3800000  -4.906194e-013 5.860262e-017 -5.738173e-017 -3.125473e-016
          3850000  -5.056523e-013 4.883552e-017 -1.587154e-017 -1.562737e-016
          3900000  -4.498158e-013 2.930131e-017 -2.075509e-017 -1.250189e-015
          3950000  -2.553642e-013 3.418486e-017 -1.953421e-017 -1.250189e-015
          4000000  -2.856252e-013 5.860262e-017 2.197598e-017 -6.250946e-016
          4050000  -4.658249e-013 6.348617e-017 1.220888e-017 -7.813683e-016
          4100000  -4.833958e-013 6.836972e-017 2.685953e-017 -1.406463e-015
          4150000  -5.405989e-013 8.790393e-017 -7.325327e-018 -7.813683e-016
          4200000  -4.828101e-013 7.325327e-017 8.546215e-018 -1.093916e-015
          4250000  -2.143653e-013 6.836972e-017 0.000000e+000 -1.250189e-015
          4300000  -4.781245e-013 6.348617e-017 -8.546215e-018 -1.562737e-015
          4350000  -4.796864e-013 5.371907e-017 -7.325327e-018 -1.406463e-015
          4400000  -9.117360e-013 3.418486e-017 1.709243e-017 -1.406463e-015
          4450000  -5.829644e-013 3.418486e-017 8.546215e-018 -1.875284e-015
          4500000  -7.976031e-012 5.860262e-017 -1.709243e-017 -1.875284e-015
          4550000  -1.808654e-011 4.395196e-017 -2.685953e-017 -2.344105e-015
          4600000  -8.873886e-011 4.395196e-017 -3.418486e-017 -2.969199e-015
          4650000  -1.455322e-011 5.371907e-017 -2.808042e-017 -2.969199e-015
          4700000  -3.950414e-011 4.883552e-017 -3.784753e-017 -2.812926e-015
          4750000  -5.281353e-011 5.371907e-017 -3.784753e-017 -2.344105e-015
          4800000  -7.208376e-012 5.371907e-017 -8.179949e-017 -2.344105e-015
          4850000  1.399230e-010 5.860262e-017 -7.935771e-017 -2.656652e-015
          4900000  -8.007463e-011 3.906841e-017 -5.982351e-017 -2.344105e-015
          4950000  7.700890e-011 2.930131e-017 -2.930131e-017 -1.875284e-015
          5000000  5.547143e-012 1.465065e-017 -8.546215e-018 -1.719010e-015
          5050000  1.339100e-012 1.953421e-017 2.441776e-018 -2.031557e-015
          5100000  1.386151e-013 1.465065e-017 2.441776e-017 -2.344105e-015
          5150000  5.339610e-013 3.418486e-017 1.953421e-017 -1.406463e-015
          5200000  -8.762037e-013 4.883552e-017 2.563865e-017 -1.562737e-015
          5250000  -1.636049e-013 5.860262e-017 -2.563865e-017 -1.562737e-015
          5300000  -1.973801e-013 9.278748e-017 -1.953421e-017 -7.813683e-016
          5350000  -3.765450e-012 9.278748e-017 -1.587154e-017 -6.250946e-016
          5400000  -1.080222e-012 1.123217e-016 -1.465065e-017 3.125473e-016
          5450000  5.906370e-012 8.302038e-017 -2.075509e-017 0.000000e+000
          5500000  8.110936e-012 1.025546e-016 -2.441776e-018 4.688210e-016
          5550000  -8.487735e-012 1.025546e-016 -6.104440e-018 6.250946e-016
          5600000  -3.299235e-012 1.025546e-016 -1.220888e-018 4.688210e-016
          5650000  -2.602645e-012 1.025546e-016 0.000000e+000 3.125473e-016
          5700000  1.336757e-012 1.220888e-016 3.174309e-017 7.813683e-016
          5750000  -5.825739e-013 1.367394e-016 2.075509e-017 9.376419e-016
          5800000  7.867872e-013 1.367394e-016 -2.685953e-017 9.376419e-016
          5850000  -5.868691e-013 1.123217e-016 -8.546215e-018 6.250946e-016
          5900000  -6.593199e-012 9.767103e-017 4.883552e-018 3.125473e-016
          5950000  1.356320e-011 1.025546e-016 -1.465065e-017 1.093916e-015
          6000000  1.725485e-011 1.123217e-016 2.441776e-018 9.376419e-016
          6050000  7.020660e-011 1.123217e-016 6.104440e-018 1.250189e-015
          6100000  -5.445329e-011 1.123217e-016 2.563865e-017 7.813683e-016
          6150000  3.498021e-011 9.278748e-017 6.592795e-017 6.250946e-016
          6200000  5.430394e-012 8.302038e-017 8.668304e-017 4.688210e-016
          6250000  -3.642766e-011 6.836972e-017 9.400837e-017 0.000000e+000
          6300000  -5.829156e-011 7.325327e-017 1.269723e-016 0.000000e+000
          6350000  -3.795965e-011 7.325327e-017 1.367394e-016 -3.125473e-016
          6400000  1.936726e-011 6.836972e-017 1.220888e-016 -3.125473e-016
          6450000  1.220777e-010 7.813683e-017 1.086590e-016 -9.376419e-016
          6500000  -3.133951e-011 8.302038e-017 9.278748e-017 -6.250946e-016
          6550000  4.543514e-010 6.836972e-017 1.123217e-016 -1.093916e-015
          6600000  -7.503627e-011 8.302038e-017 8.302038e-017 -6.250946e-016
          6650000  2.617124e-010 1.025546e-016 1.342977e-016 3.125473e-016
          6700000  3.285578e-010 1.318559e-016 1.318559e-016 1.250189e-015
          6750000  -5.504230e-006 1.172052e-016 1.342977e-016 1.719010e-015
          6800000  -4.517030e-005 1.513901e-016 1.404021e-016 1.406463e-015
          6850000  -6.049836e-005 1.758079e-016 1.172052e-016 2.187831e-015
          6900000  -1.269541e-004 1.855750e-016 1.086590e-016 2.812926e-015
          6950000  -1.271264e-004 2.051092e-016 9.034570e-017 3.125473e-015
          7000000  -1.271270e-004 2.051092e-016 1.001128e-016 4.063115e-015
          7050000  -1.271127e-004 2.197598e-016 1.025546e-016 4.688210e-015
          7100000  -1.271225e-004 2.148763e-016 1.159844e-016 3.750568e-015
          7150000  -1.268852e-004 2.197598e-016 8.424127e-017 4.219389e-015
          7200000  -1.263015e-004 2.490611e-016 1.330768e-016 4.375662e-015
          7250000  -1.111619e-004 3.027802e-016 1.184261e-016 5.625851e-015
          7300000  -1.226853e-005 3.320815e-016 7.447416e-017 5.938399e-015
          7350000  1.179601e-005 3.174309e-016 7.691594e-017 5.938399e-015
          7400000  1.209195e-005 3.369651e-016 5.005640e-017 6.094672e-015
          7450000  1.209376e-005 3.613828e-016 4.273108e-017 6.094672e-015
          7500000  1.209357e-005 3.467322e-016 2.685953e-017 6.250946e-015
          7550000  1.209331e-005 3.467322e-016 2.075509e-017 6.250946e-015
          7600000  1.209332e-005 3.613828e-016 1.098799e-017 6.407220e-015
          7650000  1.209328e-005 3.564993e-016 -1.831332e-017 6.719767e-015
          7700000  1.209320e-005 3.320815e-016 -3.906841e-017 6.407220e-015
          7750000  1.209320e-005 3.223144e-016 -4.761463e-017 5.782125e-015
          7800000  1.209320e-005 3.418486e-016 -8.057860e-017 5.938399e-015
          7850000  1.209320e-005 3.418486e-016 -9.278748e-017 6.563493e-015
          7900000  1.209320e-005 3.271980e-016 -8.790393e-017 5.938399e-015
          7950000  1.209320e-005 3.467322e-016 -7.813683e-017 5.938399e-015
          8000000  1.209320e-005 3.516157e-016 -3.418486e-017 6.407220e-015
          8050000  1.209320e-005 3.711499e-016 -1.098799e-017 6.876041e-015
          8100000  1.209320e-005 3.662664e-016 -2.075509e-017 7.188588e-015
          8150000  1.209320e-005 3.320815e-016 -3.296397e-017 7.032314e-015
          8200000  1.209320e-005 3.271980e-016 -5.860262e-017 6.876041e-015
          8250000  1.209320e-005 3.369651e-016 -5.493996e-017 6.563493e-015
          8300000  1.209320e-005 3.467322e-016 -7.691594e-017 6.094672e-015
          8350000  1.209320e-005 3.369651e-016 -1.013337e-016 5.782125e-015
          8400000  1.209320e-005 3.516157e-016 -7.935771e-017 6.094672e-015
          8450000  1.209320e-005 3.369651e-016 -6.348617e-017 6.407220e-015
          8500000  1.209320e-005 3.223144e-016 -6.104440e-017 5.782125e-015
          8550000  1.209319e-005 3.516157e-016 -2.685953e-017 6.250946e-015
          8600000  1.209319e-005 3.662664e-016 -2.197598e-017 6.094672e-015
          8650000  1.209320e-005 3.369651e-016 2.441776e-017 5.782125e-015
          8700000  1.209319e-005 3.271980e-016 5.127729e-017 5.000757e-015
          8750000  1.209318e-005 3.418486e-016 6.226528e-017 5.625851e-015
          8800000  1.209321e-005 3.564993e-016 5.493996e-017 5.938399e-015
          8850000  1.209321e-005 3.564993e-016 6.348617e-017 6.876041e-015
          8900000  1.209321e-005 3.760335e-016 4.639374e-017 6.719767e-015
          8950000  1.209321e-005 3.858006e-016 3.662664e-017 7.813683e-015
          9000000  1.209321e-005 3.858006e-016 3.540575e-017 7.501135e-015
          9050000  1.209321e-005 3.760335e-016 5.738173e-017 7.344862e-015
          9100000  1.209321e-005 3.711499e-016 8.179949e-017 6.876041e-015
          9150000  1.209320e-005 3.516157e-016 8.912482e-017 6.407220e-015
          9200000  1.209321e-005 3.613828e-016 9.522926e-017 6.719767e-015
          9250000  1.209321e-005 3.320815e-016 9.767103e-017 6.563493e-015
          9300000  1.209320e-005 3.223144e-016 1.001128e-016 6.094672e-015
          9350000  1.209321e-005 3.418486e-016 9.034570e-017 5.625851e-015
          9400000  1.209320e-005 3.174309e-016 9.400837e-017 5.313304e-015
          9450000  1.209321e-005 3.369651e-016 6.104440e-017 5.313304e-015
          9500000  1.209320e-005 3.027802e-016 9.400837e-017 4.844483e-015
          9550000  1.209320e-005 3.174309e-016 1.184261e-016 4.844483e-015
          9600000  1.209320e-005 3.076638e-016 7.691594e-017 5.469578e-015
          9650000  1.209320e-005 2.832460e-016 8.912482e-017 5.000757e-015
          9700000  1.209320e-005 2.930131e-016 1.111008e-016 4.063115e-015
          9750000  1.209320e-005 2.637118e-016 1.416230e-016 3.750568e-015
          9800000  1.209320e-005 2.539447e-016 1.477274e-016 3.438020e-015
          9850000  1.209320e-005 2.344105e-016 1.147635e-016 3.594294e-015
          9900000  1.209320e-005 2.197598e-016 1.342977e-016 3.125473e-015
          9950000  1.209320e-005 2.051092e-016 1.404021e-016 3.906841e-015
         10000000  1.209320e-005 1.806914e-016 1.184261e-016 2.500378e-015
         10050000  1.209320e-005 1.855750e-016 7.569505e-017 2.187831e-015
         10100000  1.209320e-005 1.709243e-016 4.151019e-017 2.187831e-015
         10150000  1.209320e-005 1.806914e-016 8.302038e-017 2.187831e-015
         10200000  1.209320e-005 1.953421e-016 7.569505e-017 2.500378e-015
         10250000  1.209320e-005 1.855750e-016 6.348617e-017 2.656652e-015
         10300000  1.209320e-005 1.855750e-016 5.371907e-017 2.500378e-015
         10350000  1.209320e-005 1.855750e-016 7.325327e-017 2.500378e-015
         10400000  1.209320e-005 1.855750e-016 8.057860e-017 2.500378e-015
         10450000  1.209320e-005 1.904585e-016 4.883552e-017 1.875284e-015
         10500000  1.209320e-005 1.904585e-016 7.325327e-017 2.656652e-015
         10550000  1.209320e-005 1.758079e-016 8.912482e-017 1.875284e-015
         10600000  1.209320e-005 1.611572e-016 1.184261e-016 1.250189e-015
         10650000  1.209320e-005 1.562737e-016 1.025546e-016 1.250189e-015
         10700000  1.209320e-005 1.611572e-016 9.767103e-017 1.250189e-015
         10750000  1.209320e-005 1.806914e-016 1.013337e-016 1.406463e-015
         10800000  1.209320e-005 1.709243e-016 1.147635e-016 2.031557e-015
         10850000  1.209321e-005 1.709243e-016 8.546215e-017 1.875284e-015
         10900000  1.209321e-005 1.709243e-016 1.416230e-016 2.187831e-015
         10950000  1.209322e-005 1.611572e-016 1.526110e-016 1.719010e-015
         11000000  1.209320e-005 1.709243e-016 1.697034e-016 1.719010e-015
         11050000  1.209339e-005 1.806914e-016 1.819123e-016 2.187831e-015
         11100000  1.209326e-005 1.855750e-016 1.526110e-016 2.187831e-015
         11150000  1.209265e-005 1.758079e-016 1.465065e-016 2.344105e-015
         11200000  1.209323e-005 1.806914e-016 1.574945e-016 1.875284e-015
         11250000  1.209351e-005 1.709243e-016 1.306350e-016 2.344105e-015
         11300000  1.209302e-005 1.709243e-016 1.623781e-016 3.125473e-015
         11350000  1.209326e-005 1.953421e-016 1.697034e-016 3.594294e-015
         11400000  1.209350e-005 1.953421e-016 1.623781e-016 3.281747e-015
         11450000  1.209437e-005 2.051092e-016 1.599363e-016 3.750568e-015
         11500000  1.209418e-005 1.855750e-016 1.672616e-016 4.219389e-015
         11550000  4.524861e-005 2.002256e-016 1.599363e-016 3.906841e-015
         11600000  4.316196e-004 1.904585e-016 1.574945e-016 4.375662e-015
         11650000  4.059444e-004 1.904585e-016 1.477274e-016 4.063115e-015
         11700000  3.941325e-004 1.758079e-016 1.599363e-016 3.594294e-015
         11750000  4.199811e-004 1.660408e-016 1.867958e-016 3.594294e-015
         11800000  5.066314e-004 1.465065e-016 1.965630e-016 3.281747e-015
         11850000  5.212659e-004 1.367394e-016 1.916794e-016 2.656652e-015
         11900000  4.920767e-004 1.269723e-016 2.099927e-016 3.438020e-015
         11950000  5.058890e-004 1.367394e-016 1.941212e-016 3.750568e-015
         12000000  5.227547e-004 1.220888e-016 1.733661e-016 2.969199e-015
         12050000  5.347301e-004 1.220888e-016 1.916794e-016 2.969199e-015
         12100000  5.122905e-004 1.416230e-016 1.977838e-016 3.594294e-015
         12150000  5.159395e-004 1.709243e-016 2.051092e-016 4.063115e-015
         12200000  5.481125e-004 1.758079e-016 2.160972e-016 4.219389e-015
         12250000  5.432583e-004 1.709243e-016 2.405149e-016 4.063115e-015
         12300000  5.418931e-004 1.709243e-016 2.502820e-016 4.688210e-015
         12350000  5.244924e-004 1.465065e-016 2.270852e-016 4.219389e-015
         12400000  5.181681e-004 1.416230e-016 2.466194e-016 4.063115e-015
         12450000  5.168738e-004 1.465065e-016 2.649327e-016 4.375662e-015
         12500000  4.653884e-004 1.513901e-016 2.820251e-016 3.750568e-015
         12550000  4.448082e-004 1.562737e-016 2.844669e-016 3.438020e-015
         12600000  4.489702e-004 1.611572e-016 2.490611e-016 3.594294e-015
         12650000  4.498846e-004 1.855750e-016 2.832460e-016 4.844483e-015
         12700000  4.538950e-004 1.904585e-016 2.649327e-016 5.000757e-015
         12750000  4.439918e-004 1.806914e-016 2.783624e-016 5.157031e-015
         12800000  5.063223e-004 2.051092e-016 2.734789e-016 5.000757e-015
         12850000  5.086041e-004 2.099927e-016 3.210935e-016 5.782125e-015
         12900000  5.094761e-004 2.002256e-016 3.711499e-016 6.250946e-015
         12950000  5.087217e-004 1.904585e-016 3.748126e-016 6.563493e-015
         13000000  5.235050e-004 1.513901e-016 3.894632e-016 6.250946e-015
         13050000  5.260112e-004 1.611572e-016 3.919050e-016 6.719767e-015
         13100000  5.251255e-004 1.855750e-016 4.053348e-016 6.876041e-015
         13150000  5.218460e-004 1.806914e-016 3.931259e-016 7.032314e-015
         13200000  5.293232e-004 1.855750e-016 3.845797e-016 6.876041e-015
         13250000  5.218056e-004 1.855750e-016 3.858006e-016 6.407220e-015
         13300000  5.309188e-004 1.953421e-016 4.126601e-016 6.250946e-015
         13350000  4.453662e-004 1.660408e-016 4.382988e-016 6.094672e-015
         13400000  4.471947e-004 1.709243e-016 4.529494e-016 5.782125e-015
         13450000  4.477048e-004 1.758079e-016 4.822507e-016 5.625851e-015
         13500000  4.464632e-004 1.758079e-016 4.578330e-016 6.094672e-015
         13550000  4.625180e-004 1.904585e-016 4.712627e-016 6.094672e-015
         13600000  4.621383e-004 1.660408e-016 4.639374e-016 5.313304e-015
         13650000  4.759343e-004 1.758079e-016 4.529494e-016 5.625851e-015
         13700000  4.787402e-004 1.806914e-016 4.737045e-016 5.469578e-015
         13750000  4.870896e-004 1.465065e-016 4.956805e-016 5.157031e-015
         13800000  5.133847e-004 1.562737e-016 4.981223e-016 4.844483e-015
         13850000  5.104769e-004 1.513901e-016 4.895760e-016 4.844483e-015
         13900000  5.199992e-004 1.660408e-016 5.054476e-016 4.688210e-015
         13950000  5.153782e-004 1.806914e-016 4.846925e-016 4.844483e-015
         14000000  5.160534e-004 1.806914e-016 4.859134e-016 5.157031e-015
         14050000  5.157022e-004 2.051092e-016 4.505076e-016 5.000757e-015
         14100000  5.173563e-004 2.246434e-016 4.382988e-016 4.844483e-015
         14150000  5.168691e-004 2.344105e-016 4.053348e-016 4.531936e-015
         14200000  5.160817e-004 2.539447e-016 3.821379e-016 5.625851e-015
         14250000  5.177713e-004 2.539447e-016 4.065557e-016 6.094672e-015
         14300000  5.167652e-004 2.344105e-016 3.809170e-016 6.250946e-015
         14350000  5.197541e-004 2.295269e-016 4.321943e-016 6.407220e-015
         14400000  5.186389e-004 2.051092e-016 4.431823e-016 6.407220e-015
         14450000  5.160150e-004 2.002256e-016 4.456241e-016 7.032314e-015
         14500000  5.207367e-004 1.904585e-016 4.688210e-016 7.188588e-015
         14550000  5.376819e-004 2.148763e-016 4.663792e-016 7.969956e-015
         14600000  5.259770e-004 2.197598e-016 4.712627e-016 7.969956e-015
         14650000  5.195423e-004 2.051092e-016 4.969014e-016 6.876041e-015
         14700000  5.272212e-004 1.953421e-016 4.895760e-016 6.876041e-015
         14750000  5.317923e-004 2.246434e-016 5.054476e-016 7.657409e-015
         14800000  5.314849e-004 2.197598e-016 4.737045e-016 7.344862e-015
         14850000  5.199438e-004 2.197598e-016 4.944596e-016 7.032314e-015
         14900000  5.264484e-004 2.099927e-016 4.627165e-016 6.876041e-015
         14950000  5.259713e-004 2.148763e-016 4.724836e-016 6.876041e-015
         15000000  5.232398e-004 2.051092e-016 4.602747e-016 5.782125e-015
         15050000  5.173092e-004 2.197598e-016 4.334152e-016 6.407220e-015
         15100000  5.179933e-004 2.051092e-016 4.334152e-016 6.250946e-015
         15150000  5.179652e-004 2.051092e-016 4.334152e-016 5.469578e-015
         15200000  5.172221e-004 1.855750e-016 4.370779e-016 5.469578e-015
         15250000  5.176865e-004 1.904585e-016 4.651583e-016 5.313304e-015
         15300000  4.887330e-004 2.051092e-016 4.639374e-016 5.938399e-015
         15350000  4.897370e-004 2.148763e-016 4.456241e-016 5.625851e-015
         15400000  4.907672e-004 2.295269e-016 4.395196e-016 6.563493e-015
         15450000  4.916705e-004 2.539447e-016 4.346361e-016 6.407220e-015
         15500000  4.915167e-004 2.344105e-016 4.395196e-016 6.563493e-015
         15550000  4.913702e-004 2.539447e-016 4.016721e-016 7.501135e-015
         15600000  4.822563e-004 2.295269e-016 4.138810e-016 7.188588e-015
         15650000  4.844257e-004 2.392940e-016 3.833588e-016 7.032314e-015
         15700000  4.790307e-004 2.588282e-016 3.821379e-016 6.563493e-015
         15750000  4.794759e-004 2.783624e-016 4.041139e-016 7.501135e-015
         15800000  4.793072e-004 2.734789e-016 3.919050e-016 7.032314e-015
         15850000  4.784407e-004 3.027802e-016 3.626037e-016 7.032314e-015
         15900000  4.852986e-004 3.076638e-016 3.674873e-016 6.876041e-015
         15950000  4.856424e-004 2.881295e-016 3.882424e-016 7.188588e-015
         16000000  4.870069e-004 2.734789e-016 4.053348e-016 7.032314e-015
         16050000  4.870030e-004 2.832460e-016 4.395196e-016 7.032314e-015
         16100000  4.869206e-004 2.637118e-016 4.358570e-016 7.032314e-015
         16150000  4.868378e-004 2.490611e-016 4.224272e-016 7.188588e-015
         16200000  4.820245e-004 2.637118e-016 4.212063e-016 7.188588e-015
         16250000  4.779079e-004 2.441776e-016 4.407405e-016 6.094672e-015
         16300000  4.979780e-004 2.392940e-016 4.321943e-016 6.250946e-015
         16350000  4.956155e-004 2.490611e-016 4.334152e-016 6.719767e-015
         16400000  4.931553e-004 2.392940e-016 4.407405e-016 6.719767e-015
         16450000  4.933186e-004 2.392940e-016 4.761463e-016 6.876041e-015
         16500000  4.985573e-004 2.392940e-016 4.773672e-016 6.876041e-015
         16550000  4.963815e-004 2.490611e-016 4.761463e-016 6.876041e-015
         16600000  4.943627e-004 2.344105e-016 4.505076e-016 7.032314e-015
         16650000  4.927267e-004 2.295269e-016 4.395196e-016 6.719767e-015
         16700000  5.004121e-004 2.344105e-016 4.517285e-016 6.407220e-015
         16750000  5.014226e-004 2.246434e-016 4.248690e-016 6.719767e-015
         16800000  5.016558e-004 2.344105e-016 4.297525e-016 6.876041e-015
         16850000  5.003984e-004 2.392940e-016 4.480659e-016 7.813683e-015
         16900000  4.994900e-004 2.490611e-016 4.285317e-016 7.813683e-015
         16950000  5.007481e-004 2.490611e-016 4.248690e-016 8.126230e-015
         17000000  5.003991e-004 2.685953e-016 4.566121e-016 8.595051e-015
         17050000  5.003078e-004 2.734789e-016 4.492867e-016 9.220145e-015
         17100000  5.002752e-004 2.637118e-016 5.164356e-016 8.907598e-015
         17150000  5.002811e-004 2.685953e-016 4.932387e-016 8.907598e-015
         17200000  5.002410e-004 2.881295e-016 4.773672e-016 9.063872e-015
         17250000  5.002520e-004 2.978966e-016 4.749254e-016 9.376419e-015
         17300000  4.944186e-004 2.881295e-016 4.358570e-016 9.063872e-015
         17350000  4.942964e-004 2.734789e-016 4.187646e-016 8.751325e-015
         17400000  4.936366e-004 2.734789e-016 4.309734e-016 8.282504e-015
         17450000  4.930682e-004 2.881295e-016 4.334152e-016 8.438777e-015
         17500000  4.860247e-004 2.881295e-016 4.480659e-016 9.063872e-015
         17550000  4.853069e-004 3.125473e-016 4.712627e-016 9.845240e-015
         17600000  4.809981e-004 3.174309e-016 4.468450e-016 1.031406e-014
         17650000  4.806623e-004 2.783624e-016 4.199854e-016 9.063872e-015
         17700000  4.820938e-004 3.027802e-016 4.407405e-016 8.595051e-015
         17750000  4.805203e-004 2.881295e-016 4.444032e-016 8.751325e-015
         17800000  4.800674e-004 2.783624e-016 4.431823e-016 8.751325e-015
         17850000  4.820451e-004 2.783624e-016 4.517285e-016 9.220145e-015
         17900000  5.038533e-004 2.881295e-016 4.382988e-016 9.688966e-015
         17950000  4.954048e-004 2.930131e-016 4.212063e-016 9.532693e-015
         18000000  4.935802e-004 3.174309e-016 4.151019e-016 9.688966e-015
         18050000  4.940907e-004 3.223144e-016 3.919050e-016 9.845240e-015
         18100000  4.929921e-004 3.369651e-016 4.309734e-016 1.093916e-014
         18150000  4.930207e-004 3.467322e-016 4.187646e-016 1.078288e-014
         18200000  4.877931e-004 3.516157e-016 4.492867e-016 1.000151e-014
         18250000  4.863717e-004 3.564993e-016 4.419614e-016 1.047033e-014
         18300000  4.886372e-004 3.613828e-016 4.529494e-016 1.078288e-014
         18350000  4.888235e-004 3.613828e-016 4.749254e-016 1.093916e-014
         18400000  4.924929e-004 3.516157e-016 4.273108e-016 1.015779e-014
         18450000  4.907605e-004 3.418486e-016 4.163228e-016 1.047033e-014
         18500000  4.883108e-004 3.711499e-016 3.845797e-016 1.125170e-014
         18550000  4.878660e-004 3.613828e-016 4.260899e-016 1.047033e-014
         18600000  4.945283e-004 3.662664e-016 4.651583e-016 1.093916e-014
         18650000  4.949508e-004 3.564993e-016 4.895760e-016 1.062661e-014
         18700000  4.712316e-004 3.613828e-016 4.883552e-016 1.000151e-014
         18750000  4.696257e-004 3.613828e-016 5.127729e-016 1.031406e-014
         18800000  4.732991e-004 3.711499e-016 4.883552e-016 1.000151e-014
         18850000  4.647391e-004 3.760335e-016 4.944596e-016 1.031406e-014
         18900000  4.647579e-004 3.711499e-016 4.517285e-016 1.062661e-014
         18950000  4.641983e-004 3.760335e-016 4.468450e-016 1.062661e-014
         19000000  4.643048e-004 3.564993e-016 4.407405e-016 1.093916e-014
         19050000  4.642312e-004 3.711499e-016 4.004512e-016 1.047033e-014
         19100000  4.829115e-004 3.760335e-016 3.870215e-016 1.047033e-014
         19150000  4.739873e-004 3.613828e-016 4.016721e-016 1.078288e-014
         19200000  4.739770e-004 3.613828e-016 4.041139e-016 1.109543e-014
         19250000  4.739560e-004 3.662664e-016 3.992303e-016 1.140798e-014
         19300000  4.737829e-004 3.858006e-016 4.102183e-016 1.218934e-014
         19350000  4.734940e-004 4.004512e-016 4.053348e-016 1.265817e-014
         19400000  4.714386e-004 3.711499e-016 4.431823e-016 1.281444e-014
         19450000  4.718680e-004 3.662664e-016 4.602747e-016 1.265817e-014
         19500000  4.718706e-004 3.711499e-016 4.199854e-016 1.218934e-014
         19550000  4.732089e-004 3.858006e-016 4.370779e-016 1.109543e-014
         19600000  4.729418e-004 4.004512e-016 4.468450e-016 1.140798e-014
         19650000  4.729713e-004 3.858006e-016 4.480659e-016 1.140798e-014
         19700000  4.728122e-004 4.151019e-016 4.028930e-016 1.156425e-014
         19750000  4.731496e-004 3.955677e-016 3.858006e-016 1.187680e-014
         19800000  4.729921e-004 3.858006e-016 3.833588e-016 1.203307e-014
         19850000  4.740778e-004 3.613828e-016 3.845797e-016 1.172052e-014
         19900000  4.742061e-004 3.564993e-016 4.114392e-016 1.203307e-014
         19950000  4.741683e-004 3.467322e-016 4.212063e-016 1.125170e-014
         20000000  4.742206e-004 3.369651e-016 3.906841e-016 1.062661e-014
         20050000  4.740350e-004 3.564993e-016 3.601619e-016 1.109543e-014
         20100000  4.741383e-004 3.467322e-016 3.577202e-016 1.140798e-014
         20150000  4.741098e-004 3.809170e-016 3.296397e-016 1.172052e-014
         20200000  4.741098e-004 3.906841e-016 3.589410e-016 1.125170e-014
         20250000  4.739708e-004 4.102183e-016 3.894632e-016 1.218934e-014
         20300000  4.740976e-004 3.955677e-016 4.004512e-016 1.203307e-014
         20350000  4.739445e-004 4.151019e-016 3.516157e-016 1.312699e-014
         20400000  4.742446e-004 4.395196e-016 3.467322e-016 1.359581e-014
         20450000  4.741547e-004 4.346361e-016 3.406277e-016 1.343953e-014
         20500000  4.741522e-004 4.199854e-016 3.125473e-016 1.312699e-014
         20550000  4.741522e-004 4.151019e-016 2.942340e-016 1.297071e-014
         20600000  4.742971e-004 4.199854e-016 2.685953e-016 1.265817e-014
         20650000  4.743540e-004 4.151019e-016 2.930131e-016 1.297071e-014
         20700000  4.743966e-004 4.004512e-016 2.954549e-016 1.250189e-014
         20750000  4.744593e-004 4.004512e-016 3.064429e-016 1.265817e-014
         20800000  4.735354e-004 4.102183e-016 2.917922e-016 1.312699e-014
         20850000  4.784463e-004 3.906841e-016 2.954549e-016 1.218934e-014
         20900000  4.805069e-004 4.151019e-016 2.954549e-016 1.218934e-014
         20950000  4.781019e-004 4.053348e-016 2.893504e-016 1.218934e-014
         21000000  4.812549e-004 4.053348e-016 3.174309e-016 1.265817e-014
         21050000  4.718186e-004 4.053348e-016 3.320815e-016 1.312699e-014
         21100000  4.719921e-004 3.955677e-016 3.015593e-016 1.359581e-014
         21150000  4.721580e-004 4.053348e-016 3.149891e-016 1.328326e-014
         21200000  4.715447e-004 4.199854e-016 3.027802e-016 1.343953e-014
         21250000  4.712411e-004 4.199854e-016 3.040011e-016 1.406463e-014
         21300000  4.710205e-004 4.492867e-016 3.040011e-016 1.453345e-014
         21350000  4.680483e-004 4.444032e-016 3.113264e-016 1.468972e-014
         21400000  4.739047e-004 4.346361e-016 3.003384e-016 1.375208e-014
         21450000  4.776378e-004 4.199854e-016 2.661536e-016 1.297071e-014
         21500000  4.722747e-004 4.492867e-016 2.673745e-016 1.312699e-014
         21550000  4.500845e-004 4.492867e-016 2.844669e-016 1.375208e-014
         21600000  4.500758e-004 4.346361e-016 2.942340e-016 1.375208e-014
         21650000  4.497712e-004 4.199854e-016 3.186517e-016 1.312699e-014
         21700000  4.497832e-004 4.297525e-016 3.210935e-016 1.265817e-014
         21750000  4.498185e-004 4.541703e-016 3.162100e-016 1.328326e-014
         21800000  4.497736e-004 4.785881e-016 3.345233e-016 1.343953e-014
         21850000  4.498809e-004 4.932387e-016 3.113264e-016 1.375208e-014
         21900000  4.494049e-004 4.737045e-016 2.820251e-016 1.265817e-014
         21950000  4.478364e-004 4.639374e-016 2.832460e-016 1.234562e-014
         22000000  4.371843e-004 4.639374e-016 2.685953e-016 1.234562e-014
         22050000  4.393846e-004 4.883552e-016 2.734789e-016 1.265817e-014
         22100000  4.835510e-004 4.737045e-016 2.771416e-016 1.297071e-014
         22150000  4.839537e-004 4.590539e-016 3.052220e-016 1.265817e-014
         22200000  4.839537e-004 4.737045e-016 2.893504e-016 1.297071e-014
         22250000  4.839537e-004 4.883552e-016 2.832460e-016 1.250189e-014
         22300000  4.839537e-004 5.030058e-016 3.186517e-016 1.297071e-014
         22350000  4.839538e-004 5.176565e-016 3.320815e-016 1.312699e-014
         22400000  4.839538e-004 5.469578e-016 3.284188e-016 1.343953e-014
         22450000  4.839538e-004 5.323071e-016 3.064429e-016 1.234562e-014
         22500000  4.838879e-004 5.127729e-016 3.345233e-016 1.265817e-014
         22550000  4.838879e-004 5.078894e-016 3.308606e-016 1.312699e-014
         22600000  4.838879e-004 5.078894e-016 3.113264e-016 1.250189e-014
         22650000  4.838879e-004 4.541703e-016 3.040011e-016 1.187680e-014
         22700000  4.838884e-004 4.737045e-016 2.795833e-016 1.109543e-014
         22750000  4.838884e-004 4.541703e-016 2.588282e-016 1.062661e-014
         22800000  4.838884e-004 4.639374e-016 2.307478e-016 1.093916e-014
         22850000  4.845090e-004 4.492867e-016 2.307478e-016 1.000151e-014
         22900000  4.347654e-004 4.541703e-016 2.453985e-016 1.047033e-014
         22950000  4.389237e-004 4.541703e-016 2.246434e-016 1.015779e-014
         23000000  4.390133e-004 4.541703e-016 2.490611e-016 1.078288e-014
         23050000  4.390138e-004 4.688210e-016 2.392940e-016 1.125170e-014
         23100000  4.390094e-004 4.346361e-016 2.820251e-016 1.031406e-014
         23150000  4.390095e-004 4.541703e-016 2.173180e-016 1.140798e-014
         23200000  4.390094e-004 4.688210e-016 2.014465e-016 1.172052e-014
         23250000  4.390095e-004 4.737045e-016 1.916794e-016 1.156425e-014
         23300000  4.390097e-004 4.785881e-016 2.258643e-016 1.187680e-014
         23350000  4.390096e-004 4.883552e-016 2.515029e-016 1.218934e-014
         23400000  4.390095e-004 5.078894e-016 2.759207e-016 1.297071e-014
         23450000  4.390094e-004 5.420742e-016 2.649327e-016 1.297071e-014
         23500000  4.389926e-004 5.225400e-016 2.368523e-016 1.203307e-014
         23550000  4.387055e-004 5.225400e-016 2.283060e-016 1.234562e-014
         23600000  4.385573e-004 5.274236e-016 2.307478e-016 1.234562e-014
         23650000  4.447666e-004 5.274236e-016 2.405149e-016 1.297071e-014
         23700000  4.450290e-004 5.469578e-016 2.295269e-016 1.312699e-014
         23750000  4.450302e-004 5.469578e-016 2.417358e-016 1.297071e-014
         23800000  4.452191e-004 5.371907e-016 2.160972e-016 1.250189e-014
         23850000  4.440873e-004 5.518413e-016 2.136554e-016 1.203307e-014
         23900000  4.423051e-004 5.420742e-016 2.063301e-016 1.265817e-014
         23950000  4.423803e-004 5.323071e-016 2.124345e-016 1.187680e-014
         24000000  4.433157e-004 5.127729e-016 2.624909e-016 1.093916e-014
         24050000  4.446162e-004 4.981223e-016 2.734789e-016 1.109543e-014
         24100000  4.446162e-004 4.932387e-016 2.661536e-016 1.109543e-014
         24150000  4.446162e-004 4.883552e-016 2.466194e-016 1.078288e-014
         24200000  4.446162e-004 4.785881e-016 2.893504e-016 1.047033e-014
         24250000  4.446162e-004 4.981223e-016 2.954549e-016 1.078288e-014
         24300000  4.446162e-004 5.127729e-016 3.162100e-016 1.172052e-014
         24350000  4.445916e-004 4.981223e-016 3.503948e-016 1.172052e-014
         24400000  4.445895e-004 5.127729e-016 3.687081e-016 1.281444e-014
         24450000  4.447190e-004 5.225400e-016 3.723708e-016 1.250189e-014
         24500000  4.448901e-004 5.274236e-016 3.858006e-016 1.265817e-014
         24550000  4.448941e-004 5.323071e-016 3.711499e-016 1.281444e-014
         24600000  4.448969e-004 5.225400e-016 3.687081e-016 1.187680e-014
         24650000  4.448969e-004 5.420742e-016 3.418486e-016 1.156425e-014
         24700000  4.448902e-004 5.469578e-016 3.516157e-016 1.250189e-014
         24750000  4.444843e-004 5.518413e-016 3.845797e-016 1.328326e-014
         24800000  4.444844e-004 5.616084e-016 4.297525e-016 1.375208e-014
         24850000  4.444210e-004 5.420742e-016 4.309734e-016 1.422090e-014
         24900000  4.444517e-004 5.323071e-016 4.028930e-016 1.406463e-014
         24950000  4.446137e-004 5.323071e-016 4.553912e-016 1.468972e-014
         25000000  4.446087e-004 5.176565e-016 4.651583e-016 1.468972e-014
         25050000  4.446062e-004 5.225400e-016 4.651583e-016 1.453345e-014
         25100000  4.446077e-004 5.371907e-016 4.468450e-016 1.437718e-014
         25150000  4.445233e-004 5.616084e-016 4.199854e-016 1.422090e-014
         25200000  4.445186e-004 5.518413e-016 4.065557e-016 1.453345e-014
         25250000  4.445144e-004 5.274236e-016 4.028930e-016 1.406463e-014
         25300000  4.445107e-004 5.323071e-016 4.102183e-016 1.359581e-014
         25350000  4.445107e-004 5.127729e-016 4.321943e-016 1.343953e-014
         25400000  4.445105e-004 5.274236e-016 4.688210e-016 1.312699e-014
         25450000  4.444899e-004 5.274236e-016 4.614956e-016 1.390836e-014
         25500000  4.443134e-004 4.981223e-016 4.700418e-016 1.297071e-014
         25550000  4.443136e-004 4.981223e-016 4.883552e-016 1.312699e-014
         25600000  4.443189e-004 4.590539e-016 4.883552e-016 1.203307e-014
         25650000  4.443187e-004 4.785881e-016 4.785881e-016 1.140798e-014
         25700000  4.442928e-004 5.030058e-016 4.663792e-016 1.218934e-014
         25750000  4.442815e-004 5.030058e-016 4.529494e-016 1.140798e-014
         25800000  4.442815e-004 4.883552e-016 4.382988e-016 1.156425e-014
         25850000  4.442814e-004 4.883552e-016 4.822507e-016 1.093916e-014
         25900000  4.442814e-004 5.127729e-016 4.773672e-016 1.125170e-014
         25950000  4.442814e-004 5.030058e-016 4.871343e-016 1.125170e-014
         26000000  4.442814e-004 5.030058e-016 4.871343e-016 1.187680e-014
         26050000  4.442814e-004 5.030058e-016 4.651583e-016 1.156425e-014
         26100000  4.442814e-004 4.981223e-016 4.822507e-016 1.203307e-014
         26150000  4.442816e-004 5.176565e-016 4.798089e-016 1.250189e-014
         26200000  4.442817e-004 5.030058e-016 4.822507e-016 1.187680e-014
         26250000  4.442817e-004 5.127729e-016 4.785881e-016 1.187680e-014
         26300000  4.442817e-004 5.030058e-016 4.346361e-016 1.187680e-014
         26350000  4.442819e-004 4.883552e-016 4.578330e-016 1.234562e-014
         26400000  4.442817e-004 4.932387e-016 4.468450e-016 1.234562e-014
         26450000  4.442817e-004 4.737045e-016 4.541703e-016 1.156425e-014
         26500000  4.442819e-004 4.737045e-016 4.614956e-016 1.172052e-014
         26550000  4.442818e-004 4.639374e-016 4.932387e-016 1.187680e-014
         26600000  4.442816e-004 4.688210e-016 4.810298e-016 1.172052e-014
         26650000  4.442816e-004 4.639374e-016 5.017849e-016 1.172052e-014
         26700000  4.442815e-004 4.444032e-016 5.078894e-016 1.203307e-014
         26750000  4.442814e-004 4.444032e-016 5.188774e-016 1.140798e-014
         26800000  4.442814e-004 4.395196e-016 5.200982e-016 1.140798e-014
         26850000  4.442814e-004 4.541703e-016 4.944596e-016 1.234562e-014
         26900000  4.442814e-004 4.639374e-016 4.932387e-016 1.265817e-014
         26950000  4.442814e-004 4.395196e-016 4.749254e-016 1.172052e-014
         27000000  4.442814e-004 4.395196e-016 4.676001e-016 1.140798e-014
         27050000  4.442814e-004 4.346361e-016 4.590539e-016 1.172052e-014
         27100000  4.442814e-004 4.444032e-016 4.248690e-016 1.172052e-014
         27150000  4.442815e-004 4.541703e-016 3.931259e-016 1.156425e-014
         27200000  4.442815e-004 4.346361e-016 4.102183e-016 1.156425e-014
         27250000  4.442814e-004 4.151019e-016 3.858006e-016 1.031406e-014
         27300000  4.442814e-004 4.492867e-016 3.687081e-016 1.031406e-014
         27350000  4.442816e-004 4.248690e-016 3.760335e-016 1.031406e-014
         27400000  4.442817e-004 4.053348e-016 3.748126e-016 9.532693e-015
         27450000  4.442819e-004 4.151019e-016 3.699290e-016 8.907598e-015
         27500000  4.442819e-004 4.248690e-016 3.723708e-016 9.063872e-015
         27550000  4.442821e-004 4.492867e-016 3.479531e-016 9.063872e-015
         27600000  4.442827e-004 4.590539e-016 3.015593e-016 8.595051e-015
         27650000  4.442822e-004 4.737045e-016 2.734789e-016 9.376419e-015
         27700000  4.442831e-004 4.737045e-016 2.734789e-016 9.532693e-015
         27750000  4.442826e-004 4.883552e-016 2.771416e-016 9.688966e-015
         27800000  4.442825e-004 4.883552e-016 2.453985e-016 1.093916e-014
         27850000  4.442849e-004 4.834716e-016 2.527238e-016 1.125170e-014
         27900000  4.442833e-004 4.785881e-016 2.698162e-016 1.062661e-014
         27950000  4.442830e-004 4.688210e-016 2.942340e-016 1.109543e-014
         28000000  4.442851e-004 4.492867e-016 3.027802e-016 1.062661e-014
         28050000  4.442828e-004 4.248690e-016 3.491739e-016 1.015779e-014
         28100000  4.442853e-004 4.444032e-016 2.966758e-016 1.062661e-014
         28150000  4.442846e-004 4.492867e-016 2.673745e-016 1.109543e-014
         28200000  4.442830e-004 4.199854e-016 2.441776e-016 1.047033e-014
         28250000  4.442874e-004 4.297525e-016 2.356314e-016 1.015779e-014
         28300000  4.442834e-004 4.199854e-016 2.380731e-016 1.047033e-014
         28350000  4.442852e-004 4.102183e-016 2.588282e-016 1.047033e-014
         28400000  4.442885e-004 4.151019e-016 2.344105e-016 9.688966e-015
         28450000  4.442836e-004 4.151019e-016 2.380731e-016 9.688966e-015
         28500000  4.442854e-004 4.395196e-016 2.234225e-016 1.031406e-014
         28550000  4.442856e-004 4.444032e-016 2.136554e-016 9.688966e-015
         28600000  4.442835e-004 4.395196e-016 2.234225e-016 9.845240e-015
         28650000  4.442892e-004 4.395196e-016 2.112136e-016 9.063872e-015
         28700000  4.442862e-004 4.639374e-016 1.867958e-016 9.376419e-015
         28750000  4.442834e-004 4.444032e-016 1.538319e-016 9.376419e-015
         28800000  4.442964e-004 4.541703e-016 1.330768e-016 9.688966e-015
         28850000  4.442835e-004 4.444032e-016 1.379603e-016 1.000151e-014
         28900000  4.442858e-004 4.639374e-016 8.424127e-017 1.047033e-014
         28950000  4.442880e-004 4.590539e-016 8.057860e-017 9.845240e-015
         29000000  4.442832e-004 4.639374e-016 8.790393e-017 9.532693e-015
         29050000  4.443012e-004 4.444032e-016 9.645014e-017 9.688966e-015
         29100000  4.442836e-004 4.248690e-016 1.037755e-016 9.688966e-015
         29150000  4.442890e-004 4.444032e-016 7.935771e-017 1.015779e-014
         29200000  4.442867e-004 4.297525e-016 5.982351e-017 9.688966e-015
         29250000  4.442838e-004 4.346361e-016 4.395196e-017 9.063872e-015
         29300000  4.442928e-004 4.688210e-016 4.028930e-017 1.031406e-014
         29350000  4.442838e-004 4.444032e-016 5.005640e-017 1.047033e-014
         29400000  4.442865e-004 4.444032e-016 6.348617e-017 1.047033e-014
         29450000  4.442900e-004 4.444032e-016 3.662664e-017 1.015779e-014
         29500000  4.442834e-004 4.737045e-016 4.883552e-018 1.125170e-014
         29550000  4.442879e-004 4.785881e-016 -3.052220e-017 1.109543e-014
         29600000  4.442875e-004 4.981223e-016 -4.517285e-017 1.109543e-014
         29650000  4.442833e-004 4.981223e-016 -3.662664e-018 1.062661e-014
         29700000  4.442863e-004 4.737045e-016 -1.587154e-017 1.015779e-014
         29750000  4.442930e-004 5.127729e-016 1.587154e-017 1.109543e-014
         29800000  4.442834e-004 4.932387e-016 1.831332e-017 1.156425e-014
         29850000  4.442867e-004 4.932387e-016 1.953421e-017 1.234562e-014
         29900000  4.442872e-004 4.981223e-016 4.273108e-017 1.297071e-014
         29950000  4.442834e-004 4.834716e-016 2.563865e-017 1.281444e-014
         30000000  4.442928e-004 5.078894e-016 1.342977e-017 1.265817e-014
         30050000  4.442837e-004 5.078894e-016 2.441776e-017 1.187680e-014
         30100000  4.442853e-004 5.127729e-016 2.930131e-017 1.281444e-014
         30150000  4.442865e-004 5.030058e-016 4.639374e-017 1.281444e-014
         30200000  4.442834e-004 5.225400e-016 6.592795e-017 1.359581e-014
         30250000  4.442907e-004 5.225400e-016 6.959061e-017 1.328326e-014
         30300000  4.442834e-004 5.274236e-016 8.790393e-017 1.203307e-014
         30350000  4.442846e-004 5.030058e-016 7.447416e-017 1.140798e-014
         30400000  4.442859e-004 4.785881e-016 7.081150e-017 1.125170e-014
         30450000  4.442829e-004 4.541703e-016 7.203239e-017 1.062661e-014
         30500000  4.442894e-004 4.737045e-016 5.127729e-017 1.078288e-014
         30550000  4.442837e-004 4.590539e-016 9.400837e-017 1.109543e-014
         30600000  4.442829e-004 4.492867e-016 1.062172e-016 1.047033e-014
         30650000  4.442869e-004 4.688210e-016 1.074381e-016 1.062661e-014
         30700000  4.442830e-004 4.444032e-016 1.037755e-016 1.015779e-014
         30750000  4.442825e-004 4.541703e-016 8.912482e-017 1.000151e-014
         30800000  4.442898e-004 4.541703e-016 5.249818e-017 9.532693e-015
         30850000  4.442827e-004 4.541703e-016 5.127729e-017 9.063872e-015
         30900000  4.442823e-004 4.395196e-016 4.761463e-017 9.845240e-015
         30950000  4.442855e-004 4.541703e-016 3.662664e-018 1.000151e-014
         31000000  4.442829e-004 4.639374e-016 3.906841e-017 9.688966e-015
         31050000  4.442819e-004 4.737045e-016 5.249818e-017 9.845240e-015
         31100000  4.442850e-004 4.541703e-016 5.616084e-017 9.688966e-015
         31150000  4.442817e-004 4.151019e-016 1.220888e-016 9.688966e-015
         31200000  4.442821e-004 4.102183e-016 1.123217e-016 9.063872e-015
         31250000  4.442826e-004 4.053348e-016 1.208679e-016 8.595051e-015
         31300000  4.442817e-004 4.004512e-016 1.428439e-016 9.063872e-015
         31350000  4.442818e-004 4.248690e-016 1.452857e-016 9.376419e-015
         31400000  4.442815e-004 4.199854e-016 1.184261e-016 1.000151e-014
         31450000  4.442814e-004 4.151019e-016 8.668304e-017 9.376419e-015
         31500000  4.442815e-004 4.151019e-016 9.156659e-017 9.063872e-015
         31550000  4.442815e-004 4.199854e-016 1.062172e-016 9.845240e-015
         31600000  4.442820e-004 4.102183e-016 1.342977e-016 9.845240e-015
         31650000  4.442819e-004 4.053348e-016 1.147635e-016 9.845240e-015
         31700000  4.442817e-004 4.151019e-016 1.513901e-016 1.000151e-014
         31750000  4.442848e-004 4.053348e-016 1.318559e-016 9.532693e-015
         31800000  4.442820e-004 4.199854e-016 1.208679e-016 9.845240e-015
         31850000  4.442823e-004 4.004512e-016 1.355186e-016 1.015779e-014
         31900000  4.442862e-004 3.858006e-016 1.342977e-016 1.000151e-014
         31950000  4.442819e-004 3.613828e-016 1.428439e-016 9.532693e-015
         32000000  4.442850e-004 3.662664e-016 1.819123e-016 1.000151e-014
         32050000  4.442825e-004 3.955677e-016 1.843541e-016 1.031406e-014
         32100000  4.442830e-004 3.858006e-016 1.745870e-016 1.093916e-014
         32150000  4.442872e-004 3.760335e-016 1.929003e-016 1.109543e-014
         32200000  4.442827e-004 3.711499e-016 1.929003e-016 1.187680e-014
         32250000  4.442875e-004 3.906841e-016 2.063301e-016 1.172052e-014
         32300000  4.442831e-004 3.760335e-016 2.319687e-016 1.140798e-014
         32350000  4.442846e-004 3.906841e-016 2.453985e-016 1.172052e-014
         32400000  4.442852e-004 3.662664e-016 2.563865e-016 1.093916e-014
         32450000  4.442837e-004 3.955677e-016 2.673745e-016 1.062661e-014
         32500000  4.442868e-004 4.248690e-016 2.722580e-016 1.109543e-014
         32550000  4.442846e-004 4.053348e-016 2.832460e-016 1.078288e-014
         32600000  4.442855e-004 4.102183e-016 2.905713e-016 1.109543e-014
         32650000  4.442867e-004 4.053348e-016 2.600491e-016 1.047033e-014
         32700000  4.442850e-004 4.102183e-016 2.624909e-016 1.078288e-014
         32750000  4.442863e-004 4.151019e-016 2.344105e-016 1.062661e-014
         32800000  4.442851e-004 4.346361e-016 2.051092e-016 1.015779e-014
         32850000  4.442854e-004 4.053348e-016 1.916794e-016 1.015779e-014
         32900000  4.442858e-004 4.102183e-016 2.270852e-016 1.000151e-014
         32950000  4.442857e-004 4.053348e-016 1.904585e-016 1.000151e-014
         33000000  4.442869e-004 4.248690e-016 1.892376e-016 1.093916e-014
         33050000  4.442859e-004 4.297525e-016 1.794705e-016 1.125170e-014
         33100000  4.442880e-004 4.199854e-016 1.831332e-016 1.078288e-014
         33150000  4.442848e-004 4.151019e-016 2.051092e-016 9.688966e-015
         33200000  4.442871e-004 4.199854e-016 2.051092e-016 9.845240e-015
         33250000  4.442848e-004 4.053348e-016 1.965630e-016 9.220145e-015
         33300000  4.442865e-004 4.151019e-016 1.929003e-016 1.000151e-014
         33350000  4.442892e-004 4.004512e-016 1.709243e-016 9.220145e-015
         33400000  4.442867e-004 3.906841e-016 1.721452e-016 9.532693e-015
         33450000  4.442866e-004 4.053348e-016 1.904585e-016 9.845240e-015
         33500000  4.442881e-004 3.906841e-016 2.209807e-016 8.595051e-015
         33550000  4.442845e-004 4.199854e-016 2.209807e-016 8.907598e-015
         33600000  4.442866e-004 4.248690e-016 2.112136e-016 8.751325e-015
         33650000  4.442876e-004 4.151019e-016 1.916794e-016 8.126230e-015
         33700000  4.442856e-004 3.955677e-016 1.635990e-016 8.438777e-015
         33750000  4.442906e-004 4.004512e-016 1.892376e-016 8.282504e-015
         33800000  4.442855e-004 4.053348e-016 1.721452e-016 7.501135e-015
         33850000  4.442861e-004 3.858006e-016 1.929003e-016 7.501135e-015
         33900000  4.442858e-004 3.760335e-016 2.344105e-016 7.501135e-015
         33950000  4.442851e-004 3.662664e-016 2.673745e-016 7.501135e-015
         34000000  4.442865e-004 3.955677e-016 2.429567e-016 6.876041e-015
         34050000  4.442855e-004 4.199854e-016 2.295269e-016 6.876041e-015
         34100000  4.442866e-004 4.297525e-016 2.405149e-016 6.563493e-015
         34150000  4.442858e-004 4.248690e-016 2.441776e-016 6.250946e-015
         34200000  4.442863e-004 4.248690e-016 2.795833e-016 7.344862e-015
         34250000  4.442856e-004 4.053348e-016 2.649327e-016 7.344862e-015
         34300000  4.442854e-004 4.053348e-016 2.600491e-016 6.876041e-015
         34350000  4.442857e-004 4.199854e-016 2.612700e-016 7.501135e-015
         34400000  4.442840e-004 4.346361e-016 2.649327e-016 7.188588e-015
         34450000  4.442867e-004 3.955677e-016 2.820251e-016 7.344862e-015
         34500000  4.442839e-004 3.906841e-016 2.832460e-016 8.282504e-015
         34550000  4.442862e-004 3.955677e-016 2.795833e-016 7.813683e-015
         34600000  4.442860e-004 3.955677e-016 2.759207e-016 8.438777e-015
         34650000  4.442832e-004 3.711499e-016 2.820251e-016 8.438777e-015
         34700000  4.442857e-004 3.809170e-016 2.832460e-016 8.751325e-015
         34750000  4.442835e-004 3.760335e-016 2.551656e-016 8.126230e-015
         34800000  4.442833e-004 3.760335e-016 2.893504e-016 9.532693e-015
         34850000  4.442899e-004 3.955677e-016 2.869087e-016 9.376419e-015
         34900000  4.442832e-004 4.102183e-016 2.710371e-016 9.376419e-015
         34950000  4.442831e-004 4.053348e-016 2.417358e-016 9.063872e-015
         35000000  4.442854e-004 4.053348e-016 2.539447e-016 8.438777e-015
         35050000  4.442821e-004 4.297525e-016 2.405149e-016 9.063872e-015
         35100000  4.442866e-004 4.346361e-016 2.453985e-016 9.063872e-015
         35150000  4.442824e-004 4.492867e-016 2.441776e-016 8.595051e-015
         35200000  4.442829e-004 4.346361e-016 2.222016e-016 8.282504e-015
         35250000  4.442853e-004 4.102183e-016 2.453985e-016 8.438777e-015
         35300000  4.442821e-004 4.004512e-016 2.490611e-016 7.501135e-015
         35350000  4.442843e-004 4.199854e-016 2.380731e-016 7.657409e-015
         35400000  4.442820e-004 3.858006e-016 2.270852e-016 6.876041e-015
         35450000  4.442819e-004 3.955677e-016 2.649327e-016 7.657409e-015
         35500000  4.442830e-004 3.809170e-016 2.551656e-016 7.657409e-015
         35550000  4.442817e-004 3.906841e-016 2.710371e-016 8.282504e-015
         35600000  4.442823e-004 4.004512e-016 2.795833e-016 8.751325e-015
         35650000  4.442817e-004 3.955677e-016 2.307478e-016 8.438777e-015
         35700000  4.442816e-004 4.151019e-016 2.148763e-016 8.595051e-015
         35750000  4.442817e-004 4.151019e-016 2.026674e-016 9.063872e-015
         35800000  4.442815e-004 4.395196e-016 1.867958e-016 9.063872e-015
         35850000  4.442815e-004 4.444032e-016 1.587154e-016 8.438777e-015
         35900000  4.442817e-004 4.248690e-016 1.452857e-016 8.907598e-015
         35950000  4.442815e-004 4.297525e-016 1.477274e-016 8.595051e-015
         36000000  4.442838e-004 4.248690e-016 1.489483e-016 8.595051e-015
         36050000  4.442818e-004 4.151019e-016 1.245306e-016 8.126230e-015
         36100000  4.442821e-004 4.151019e-016 1.623781e-016 8.907598e-015
         36150000  4.442922e-004 4.199854e-016 1.465065e-016 8.751325e-015
         36200000  4.442821e-004 4.346361e-016 1.367394e-016 8.751325e-015
         36250000  4.442823e-004 4.639374e-016 1.025546e-016 8.907598e-015
         36300000  4.442879e-004 4.492867e-016 1.037755e-016 8.126230e-015
         36350000  4.442819e-004 4.590539e-016 9.889192e-017 7.969956e-015
         36400000  4.442840e-004 4.541703e-016 1.074381e-016 7.969956e-015
         36450000  4.442892e-004 4.199854e-016 1.257515e-016 7.501135e-015
         36500000  4.442825e-004 4.346361e-016 1.330768e-016 8.126230e-015
         36550000  4.442839e-004 4.444032e-016 1.391812e-016 7.657409e-015
         36600000  4.442880e-004 4.541703e-016 1.452857e-016 7.188588e-015
         36650000  4.442827e-004 4.590539e-016 1.269723e-016 6.876041e-015
         36700000  4.442886e-004 4.785881e-016 1.257515e-016 6.876041e-015
         36750000  4.442856e-004 4.834716e-016 1.111008e-016 6.719767e-015
         36800000  4.442834e-004 4.932387e-016 1.086590e-016 6.563493e-015
         36850000  4.442954e-004 5.176565e-016 9.156659e-017 7.032314e-015
         36900000  4.442827e-004 5.127729e-016 1.367394e-016 6.719767e-015
         36950000  4.442870e-004 4.883552e-016 1.538319e-016 6.407220e-015
         37000000  4.442850e-004 4.883552e-016 1.953421e-016 6.250946e-015
         37050000  4.442831e-004 4.932387e-016 2.160972e-016 6.407220e-015
         37100000  4.443113e-004 5.323071e-016 1.904585e-016 6.876041e-015
         37150000  4.442832e-004 5.371907e-016 1.758079e-016 6.563493e-015
         37200000  4.442890e-004 5.371907e-016 1.574945e-016 7.188588e-015
         37250000  4.442874e-004 5.274236e-016 1.428439e-016 7.813683e-015
         37300000  4.442831e-004 5.371907e-016 1.367394e-016 8.595051e-015
         37350000  4.442977e-004 5.616084e-016 1.440648e-016 8.438777e-015
         37400000  4.442837e-004 5.762591e-016 1.355186e-016 8.907598e-015
         37450000  4.442844e-004 6.006768e-016 1.049964e-016 9.063872e-015
         37500000  4.442987e-004 5.713755e-016 1.257515e-016 8.595051e-015
         37550000  4.442836e-004 5.616084e-016 1.257515e-016 7.969956e-015
         37600000  4.442842e-004 5.567249e-016 1.306350e-016 8.126230e-015
         37650000  4.443145e-004 5.713755e-016 1.245306e-016 8.595051e-015
         37700000  4.442878e-004 5.225400e-016 1.294141e-016 7.813683e-015
         37750000  4.442828e-004 5.371907e-016 1.281932e-016 8.126230e-015
         37800000  4.442882e-004 5.420742e-016 1.452857e-016 7.657409e-015
         37850000  4.442862e-004 5.420742e-016 1.428439e-016 8.282504e-015
         37900000  4.442831e-004 5.420742e-016 1.452857e-016 8.282504e-015
         37950000  4.442949e-004 5.323071e-016 1.526110e-016 8.595051e-015
         38000000  4.442831e-004 5.420742e-016 1.611572e-016 9.532693e-015
         38050000  4.442893e-004 5.420742e-016 1.465065e-016 1.015779e-014
         38100000  4.442845e-004 5.420742e-016 1.416230e-016 1.031406e-014
         38150000  4.442835e-004 5.176565e-016 1.477274e-016 1.015779e-014
         38200000  4.442888e-004 4.932387e-016 1.513901e-016 1.015779e-014
         38250000  4.442830e-004 4.834716e-016 1.587154e-016 1.047033e-014
         38300000  4.442997e-004 5.030058e-016 1.831332e-016 1.078288e-014
         38350000  4.442838e-004 5.176565e-016 1.648199e-016 1.078288e-014
         38400000  4.442830e-004 5.176565e-016 1.379603e-016 1.062661e-014
         38450000  4.442912e-004 5.127729e-016 1.196470e-016 1.047033e-014
         38500000  4.442823e-004 5.176565e-016 1.086590e-016 1.047033e-014
         38550000  4.442854e-004 5.127729e-016 1.196470e-016 1.125170e-014
         38600000  4.442875e-004 5.274236e-016 1.416230e-016 1.125170e-014
         38650000  4.442829e-004 5.176565e-016 1.452857e-016 1.140798e-014
         38700000  4.442861e-004 4.932387e-016 1.465065e-016 1.047033e-014
         38750000  4.442840e-004 5.127729e-016 9.034570e-017 9.532693e-015
         38800000  4.442825e-004 5.030058e-016 1.086590e-016 9.532693e-015
         38850000  4.442893e-004 5.078894e-016 1.111008e-016 1.000151e-014
         38900000  4.442822e-004 5.371907e-016 8.668304e-017 9.688966e-015
         38950000  4.442853e-004 5.274236e-016 9.034570e-017 9.688966e-015
         39000000  4.442825e-004 5.518413e-016 7.691594e-017 1.015779e-014
         39050000  4.442826e-004 5.469578e-016 3.784753e-017 1.031406e-014
         39100000  4.442845e-004 5.518413e-016 3.662664e-017 1.047033e-014
         39150000  4.442820e-004 5.518413e-016 5.249818e-017 1.078288e-014
         39200000  4.442883e-004 5.420742e-016 7.447416e-017 1.140798e-014
         39250000  4.442819e-004 5.420742e-016 7.691594e-017 1.093916e-014
         39300000  4.442832e-004 5.567249e-016 9.034570e-017 1.093916e-014
         39350000  4.442822e-004 5.371907e-016 1.074381e-016 1.078288e-014
         39400000  4.442822e-004 5.323071e-016 1.001128e-016 1.156425e-014
         39450000  4.442848e-004 5.274236e-016 1.245306e-016 1.062661e-014
         39500000  4.442821e-004 5.518413e-016 1.013337e-016 1.031406e-014
         39550000  4.442831e-004 5.616084e-016 7.325327e-017 9.845240e-015
         39600000  4.442825e-004 5.713755e-016 7.569505e-017 1.047033e-014
         39650000  4.442816e-004 5.713755e-016 6.470706e-017 9.688966e-015
         39700000  4.442833e-004 5.567249e-016 5.738173e-017 9.376419e-015
         39750000  4.442816e-004 5.616084e-016 6.714883e-017 8.595051e-015
         39800000  4.442817e-004 5.762591e-016 6.348617e-017 8.438777e-015
         39850000  4.442819e-004 5.762591e-016 6.226528e-017 8.595051e-015
         39900000  4.442815e-004 5.518413e-016 8.546215e-017 8.126230e-015
         39950000  4.442817e-004 5.323071e-016 1.086590e-016 7.501135e-015
         40000000  4.442816e-004 5.567249e-016 6.714883e-017 7.032314e-015
         40050000  4.442816e-004 5.420742e-016 7.813683e-017 7.188588e-015
         40100000  4.442856e-004 5.225400e-016 6.226528e-017 6.563493e-015
         40150000  4.442819e-004 5.127729e-016 6.959061e-017 6.250946e-015
         40200000  4.442836e-004 5.078894e-016 8.668304e-017 5.782125e-015
         40250000  4.442839e-004 5.225400e-016 8.424127e-017 5.938399e-015
         40300000  4.442825e-004 5.176565e-016 2.685953e-017 4.844483e-015
         40350000  4.442827e-004 5.371907e-016 6.226528e-017 5.157031e-015
         40400000  4.443091e-004 5.469578e-016 5.738173e-017 5.157031e-015
         40450000  4.442826e-004 5.469578e-016 5.005640e-017 4.844483e-015
         40500000  4.442838e-004 5.469578e-016 7.325327e-017 5.469578e-015
         40550000  4.442833e-004 5.420742e-016 6.226528e-017 5.000757e-015
         40600000  4.443033e-004 5.469578e-016 5.860262e-017 4.219389e-015
         40650000  4.442833e-004 5.371907e-016 5.860262e-017 4.063115e-015
         40700000  4.442886e-004 5.371907e-016 5.371907e-017 4.219389e-015
         40750000  4.443036e-004 5.225400e-016 5.127729e-017 3.438020e-015
         40800000  4.442825e-004 5.274236e-016 1.001128e-016 3.750568e-015
         40850000  4.442842e-004 5.225400e-016 7.569505e-017 4.219389e-015
         40900000  4.443151e-004 5.420742e-016 3.906841e-017 4.063115e-015
         40950000  4.442900e-004 5.420742e-016 6.104440e-017 3.438020e-015
         41000000  4.442820e-004 5.274236e-016 8.912482e-017 3.750568e-015
         41050000  4.444114e-004 5.567249e-016 7.813683e-017 3.750568e-015
         41100000  4.443369e-004 5.518413e-016 8.912482e-017 2.812926e-015
         41150000  4.442887e-004 5.713755e-016 8.912482e-017 2.969199e-015
         41200000  4.442829e-004 5.518413e-016 8.057860e-017 2.344105e-015
         41250000  4.442834e-004 5.664920e-016 8.912482e-017 2.500378e-015
         41300000  4.443184e-004 5.762591e-016 7.569505e-017 2.187831e-015
         41350000  4.442956e-004 5.567249e-016 6.959061e-017 3.125473e-015
         41400000  4.442831e-004 5.567249e-016 7.081150e-017 3.750568e-015
         41450000  4.442825e-004 5.664920e-016 6.470706e-017 3.438020e-015
         41500000  4.443046e-004 5.713755e-016 2.930131e-017 3.281747e-015
         41550000  4.442999e-004 5.713755e-016 1.587154e-017 2.656652e-015
         41600000  4.442837e-004 5.860262e-016 1.465065e-017 3.281747e-015
         41650000  4.442824e-004 6.202111e-016 1.342977e-017 3.438020e-015
         41700000  4.442831e-004 6.250946e-016 -3.662664e-018 3.125473e-015
         41750000  4.443015e-004 6.202111e-016 -1.342977e-017 2.812926e-015
         41800000  4.442876e-004 5.860262e-016 1.098799e-017 3.438020e-015
         41850000  4.442827e-004 6.055604e-016 1.953421e-017 3.281747e-015
         41900000  4.442906e-004 6.006768e-016 2.441776e-017 3.906841e-015
         41950000  4.442825e-004 6.397453e-016 6.104440e-018 3.594294e-015
         42000000  4.442862e-004 6.641630e-016 -4.883552e-018 3.438020e-015
         42050000  4.442827e-004 6.592795e-016 1.220888e-018 3.281747e-015
         42100000  4.442842e-004 6.397453e-016 2.685953e-017 4.063115e-015
         42150000  4.442824e-004 6.690466e-016 5.860262e-017 4.063115e-015
         42200000  4.442880e-004 6.202111e-016 8.179949e-017 3.750568e-015
         42250000  4.442825e-004 6.202111e-016 6.714883e-017 3.750568e-015
         42300000  4.442832e-004 6.055604e-016 8.668304e-017 4.219389e-015
         42350000  4.442826e-004 6.153275e-016 6.714883e-017 4.688210e-015
         42400000  4.442822e-004 6.104440e-016 5.982351e-017 5.157031e-015
         42450000  4.442833e-004 6.153275e-016 6.714883e-017 5.469578e-015
         42500000  4.442824e-004 6.104440e-016 9.278748e-017 5.469578e-015
         42550000  4.442819e-004 6.055604e-016 7.325327e-017 5.469578e-015
         42600000  4.442822e-004 6.104440e-016 5.982351e-017 5.938399e-015
         42650000  4.442832e-004 6.202111e-016 3.906841e-017 5.782125e-015
         42700000  4.442821e-004 6.250946e-016 4.761463e-017 5.938399e-015
         42750000  4.442819e-004 6.153275e-016 4.883552e-017 5.782125e-015
         42800000  4.442832e-004 6.055604e-016 5.982351e-017 4.688210e-015
         42850000  4.442819e-004 6.006768e-016 6.226528e-017 3.906841e-015
         42900000  4.442819e-004 6.104440e-016 4.517285e-017 4.375662e-015
         42950000  4.442870e-004 5.909097e-016 2.808042e-017 3.438020e-015
         43000000  4.442816e-004 5.909097e-016 3.662664e-017 3.750568e-015
         43050000  4.442817e-004 5.957933e-016 2.808042e-017 3.281747e-015
         43100000  4.442832e-004 6.006768e-016 3.662664e-018 2.812926e-015
         43150000  4.442818e-004 6.104440e-016 -9.767103e-018 3.594294e-015
         43200000  4.442820e-004 5.909097e-016 -1.831332e-017 3.125473e-015
         43250000  4.442825e-004 5.957933e-016 1.220888e-018 3.438020e-015
         43300000  4.442818e-004 5.811426e-016 1.220888e-018 3.906841e-015
         43350000  4.442822e-004 5.860262e-016 1.342977e-017 4.688210e-015
         43400000  4.442830e-004 5.909097e-016 5.127729e-017 5.000757e-015
         43450000  4.442817e-004 5.616084e-016 7.325327e-017 5.157031e-015
         43500000  4.442819e-004 5.518413e-016 5.493996e-017 4.063115e-015
         43550000  4.442834e-004 5.567249e-016 6.592795e-017 4.844483e-015
         43600000  4.442817e-004 5.616084e-016 8.546215e-017 5.157031e-015
         43650000  4.442818e-004 5.469578e-016 5.738173e-017 5.157031e-015
         43700000  4.442848e-004 5.567249e-016 5.249818e-017 5.625851e-015
         43750000  4.442825e-004 5.664920e-016 3.296397e-017 6.407220e-015
         43800000  4.442819e-004 5.567249e-016 4.883552e-017 6.876041e-015
         43850000  4.442826e-004 5.420742e-016 8.302038e-017 6.719767e-015
         43900000  4.442847e-004 5.371907e-016 1.037755e-016 7.501135e-015
         43950000  4.442832e-004 5.713755e-016 9.278748e-017 7.032314e-015
         44000000  4.442827e-004 5.762591e-016 7.935771e-017 7.813683e-015
         44050000  4.442826e-004 5.860262e-016 7.691594e-017 8.126230e-015
         44100000  4.442832e-004 6.055604e-016 8.057860e-017 7.969956e-015
         44150000  4.442828e-004 6.104440e-016 6.959061e-017 7.344862e-015
         44200000  4.442837e-004 6.299782e-016 4.517285e-017 7.501135e-015
         44250000  4.442836e-004 6.543959e-016 4.517285e-017 8.282504e-015
         44300000  4.442843e-004 6.446288e-016 3.296397e-017 8.126230e-015
         44350000  4.442853e-004 6.250946e-016 6.836972e-017 7.657409e-015
         44400000  4.442838e-004 6.153275e-016 3.540575e-017 7.813683e-015
         44450000  4.442847e-004 6.055604e-016 4.151019e-017 7.501135e-015
         44500000  4.442889e-004 6.006768e-016 2.808042e-017 7.813683e-015
         44550000  4.442866e-004 6.104440e-016 2.319687e-017 8.126230e-015
         44600000  4.442836e-004 6.104440e-016 6.104440e-018 8.282504e-015
         44650000  4.442885e-004 6.153275e-016 4.151019e-017 8.282504e-015
         44700000  4.442878e-004 6.104440e-016 4.273108e-017 7.188588e-015
         44750000  4.442844e-004 6.104440e-016 9.156659e-017 7.969956e-015
         44800000  4.442874e-004 6.153275e-016 9.034570e-017 7.657409e-015
         44850000  4.442838e-004 6.202111e-016 1.257515e-016 8.751325e-015
         44900000  4.442896e-004 6.202111e-016 1.172052e-016 8.751325e-015
         44950000  4.442891e-004 6.348617e-016 1.098799e-016 9.220145e-015
         45000000  4.442830e-004 6.348617e-016 1.086590e-016 8.751325e-015
         45050000  4.442891e-004 6.495124e-016 1.111008e-016 8.907598e-015
         45100000  4.442928e-004 6.446288e-016 1.184261e-016 8.595051e-015
         45150000  4.442848e-004 6.592795e-016 1.294141e-016 9.220145e-015
         45200000  4.442836e-004 6.495124e-016 9.278748e-017 8.595051e-015
         45250000  4.442845e-004 6.543959e-016 9.767103e-017 8.126230e-015
         45300000  4.442853e-004 6.592795e-016 9.156659e-017 7.969956e-015
         45350000  4.442852e-004 6.641630e-016 8.668304e-017 7.813683e-015
         45400000  4.442851e-004 6.446288e-016 1.208679e-016 8.126230e-015
         45450000  4.442839e-004 6.495124e-016 1.330768e-016 8.595051e-015
         45500000  4.442845e-004 6.543959e-016 1.184261e-016 8.126230e-015
         45550000  4.442850e-004 6.641630e-016 1.501692e-016 8.595051e-015
         45600000  4.442873e-004 6.641630e-016 1.477274e-016 9.063872e-015
         45650000  4.442897e-004 6.788137e-016 1.404021e-016 8.751325e-015
         45700000  4.442869e-004 6.788137e-016 1.306350e-016 9.376419e-015
         45750000  4.442836e-004 6.543959e-016 1.416230e-016 9.688966e-015
         45800000  4.442852e-004 6.788137e-016 1.635990e-016 1.015779e-014
         45850000  4.442855e-004 6.788137e-016 1.562737e-016 1.062661e-014
         45900000  4.442853e-004 6.836972e-016 1.428439e-016 1.031406e-014
         45950000  4.442837e-004 6.788137e-016 1.526110e-016 1.109543e-014
         46000000  4.442841e-004 6.934643e-016 1.770287e-016 1.156425e-014
         46050000  4.442857e-004 7.032314e-016 1.855750e-016 1.140798e-014
         46100000  4.442829e-004 7.276492e-016 1.697034e-016 1.250189e-014
         46150000  4.442826e-004 7.276492e-016 1.953421e-016 1.265817e-014
         46200000  4.442831e-004 7.325327e-016 2.038883e-016 1.265817e-014
         46250000  4.442841e-004 7.325327e-016 1.758079e-016 1.250189e-014
         46300000  4.442824e-004 7.276492e-016 1.782496e-016 1.297071e-014
         46350000  4.442822e-004 7.129985e-016 1.904585e-016 1.265817e-014
         46400000  4.442827e-004 7.129985e-016 1.941212e-016 1.312699e-014
         46450000  4.442825e-004 7.227656e-016 1.794705e-016 1.328326e-014
         46500000  4.442817e-004 7.129985e-016 1.867958e-016 1.375208e-014
         46550000  4.442817e-004 7.032314e-016 1.550528e-016 1.328326e-014
         46600000  4.442825e-004 7.276492e-016 1.440648e-016 1.375208e-014
         46650000  4.442818e-004 7.325327e-016 1.294141e-016 1.406463e-014
         46700000  4.442816e-004 7.325327e-016 1.477274e-016 1.406463e-014
         46750000  4.442820e-004 7.520669e-016 1.599363e-016 1.406463e-014
         46800000  4.442826e-004 7.471834e-016 1.550528e-016 1.437718e-014
         46850000  4.442820e-004 7.374163e-016 1.257515e-016 1.531482e-014
         46900000  4.442821e-004 7.569505e-016 1.257515e-016 1.547109e-014
         46950000  4.442825e-004 7.618341e-016 1.355186e-016 1.515854e-014
         47000000  4.442818e-004 7.764847e-016 1.269723e-016 1.625246e-014
         47050000  4.442820e-004 7.374163e-016 1.257515e-016 1.593991e-014
         47100000  4.442848e-004 7.374163e-016 1.257515e-016 1.562737e-014
         47150000  4.442820e-004 7.374163e-016 1.172052e-016 1.640873e-014
         47200000  4.442818e-004 7.178821e-016 1.257515e-016 1.703383e-014
         47250000  4.442834e-004 7.032314e-016 1.135426e-016 1.703383e-014
         47300000  4.442821e-004 6.934643e-016 1.074381e-016 1.687755e-014
         47350000  4.442823e-004 6.934643e-016 1.159844e-016 1.687755e-014
         47400000  4.442833e-004 6.739301e-016 9.645014e-017 1.656501e-014
         47450000  4.442821e-004 6.885808e-016 1.049964e-016 1.734638e-014
         47500000  4.442824e-004 6.690466e-016 1.147635e-016 1.609619e-014
         47550000  4.442831e-004 6.641630e-016 1.257515e-016 1.578364e-014
         47600000  4.442821e-004 6.495124e-016 1.379603e-016 1.547109e-014
         47650000  4.442830e-004 6.788137e-016 1.379603e-016 1.593991e-014
         47700000  4.442831e-004 6.885808e-016 1.306350e-016 1.531482e-014
         47750000  4.442823e-004 6.934643e-016 1.245306e-016 1.484600e-014
         47800000  4.442833e-004 6.983479e-016 1.306350e-016 1.500227e-014
         47850000  4.442842e-004 7.081150e-016 1.355186e-016 1.468972e-014
         47900000  4.442825e-004 7.032314e-016 1.025546e-016 1.453345e-014
         47950000  4.442833e-004 7.032314e-016 1.098799e-016 1.406463e-014
         48000000  4.442888e-004 7.032314e-016 1.074381e-016 1.375208e-014
         48050000  4.442830e-004 6.934643e-016 8.424127e-017 1.328326e-014
         48100000  4.442821e-004 6.690466e-016 9.400837e-017 1.250189e-014
         48150000  4.442829e-004 6.788137e-016 1.001128e-016 1.265817e-014
         48200000  4.442857e-004 6.836972e-016 1.013337e-016 1.250189e-014
         48250000  4.442887e-004 6.788137e-016 1.086590e-016 1.203307e-014
         48300000  4.442850e-004 6.934643e-016 1.355186e-016 1.203307e-014
         48350000  4.442828e-004 7.032314e-016 1.355186e-016 1.250189e-014
         48400000  4.442826e-004 6.836972e-016 1.220888e-016 1.187680e-014
         48450000  4.442829e-004 6.836972e-016 1.123217e-016 1.187680e-014
         48500000  4.443008e-004 6.788137e-016 1.269723e-016 1.156425e-014
         48550000  4.442888e-004 6.739301e-016 1.062172e-016 1.172052e-014
         48600000  4.442828e-004 6.788137e-016 9.156659e-017 1.093916e-014
         48650000  4.442829e-004 6.788137e-016 5.860262e-017 1.109543e-014
         48700000  4.442838e-004 6.739301e-016 5.249818e-017 1.078288e-014
         48750000  4.442853e-004 6.739301e-016 5.249818e-017 1.109543e-014
         48800000  4.442834e-004 6.739301e-016 3.906841e-017 1.078288e-014
         48850000  4.442978e-004 6.641630e-016 5.127729e-017 1.109543e-014
         48900000  4.442847e-004 6.739301e-016 5.249818e-017 1.031406e-014
         48950000  4.442960e-004 6.836972e-016 6.959061e-017 1.125170e-014
         49000000  4.442837e-004 6.592795e-016 8.790393e-017 1.093916e-014
         49050000  4.443076e-004 6.495124e-016 9.767103e-017 1.125170e-014
         49100000  4.442836e-004 6.299782e-016 8.912482e-017 1.031406e-014
         49150000  4.443039e-004 6.153275e-016 1.049964e-016 1.062661e-014
         49200000  4.442858e-004 6.299782e-016 1.404021e-016 1.156425e-014
         49250000  4.442830e-004 6.202111e-016 1.428439e-016 1.125170e-014
         49300000  4.442872e-004 6.153275e-016 1.599363e-016 1.093916e-014
         49350000  4.442852e-004 6.250946e-016 1.416230e-016 1.078288e-014
         49400000  4.442833e-004 6.202111e-016 1.794705e-016 1.000151e-014
         49450000  4.442982e-004 6.202111e-016 1.904585e-016 9.532693e-015
         49500000  4.442848e-004 6.250946e-016 1.599363e-016 9.220145e-015
         49550000  4.442840e-004 6.250946e-016 1.635990e-016 9.063872e-015
         49600000  4.443028e-004 6.495124e-016 1.562737e-016 9.532693e-015
         49650000  4.442842e-004 6.495124e-016 1.391812e-016 9.376419e-015
         49700000  4.442868e-004 6.397453e-016 1.465065e-016 9.220145e-015
         49750000  4.442823e-004 6.446288e-016 1.574945e-016 9.376419e-015
         49800000  4.442894e-004 6.592795e-016 1.318559e-016 8.751325e-015
         49850000  4.442841e-004 6.592795e-016 1.281932e-016 8.595051e-015
         49900000  4.442845e-004 6.641630e-016 1.660408e-016 9.532693e-015
         49950000  4.442831e-004 6.885808e-016 1.648199e-016 9.376419e-015
         50000000  4.442823e-004 6.836972e-016 1.404021e-016 9.688966e-015
