462639 100
0 0.01 10000000 5 8
0 -4.43922817889e-003  5.82753026450e-004  1.85410891444e-004  2.21932203103e-002
#      ^^ E0 ^^          ^^ Lx0 ^^          ^^ Ly0 ^^          ^^ Lz0 ^^
#
# HNBody system energy/angular momentum conservation file.
#
#
# Column order: t      (E-E0)/E0   (Lx-Lx0)/L0   (Ly-Ly0)/L0   (Lz-Lz0)/L0
#
                0  0.000000e+000 0.000000e+000 0.000000e+000 0.000000e+000
           100000  -4.448933e-013 4.883432e-018 -1.953373e-017 -4.688095e-016
           200000  -4.714657e-013 9.766864e-018 2.685888e-017 -1.562698e-016
           300000  -3.141802e-013 1.953373e-017 3.174231e-017 6.250793e-016
           400000  -4.226193e-013 -4.883432e-018 5.615947e-017 7.813491e-016
           500000  -1.139099e-013 0.000000e+000 7.691405e-017 1.562698e-016
           600000  -3.227772e-013 -2.441716e-017 7.935577e-017 -3.125396e-016
           700000  -4.669718e-013 -1.465030e-017 1.049938e-016 7.813491e-016
           800000  -4.083561e-013 4.883432e-018 9.156435e-017 1.093889e-015
           900000  -4.732242e-013 3.906746e-017 8.057663e-017 1.718968e-015
          1000000  -1.408731e-013 4.883432e-018 6.836805e-017 3.125396e-016
          1100000  -4.050346e-013 -1.953373e-017 3.540488e-017 -6.250793e-016
          1200000  -4.628687e-013 -2.441716e-017 5.371775e-017 -3.125396e-016
          1300000  -4.466517e-013 -3.418402e-017 9.156435e-017 -4.688095e-016
          1400000  -4.855335e-013 -3.906746e-017 9.034349e-017 -6.250793e-016
          1500000  -1.949949e-013 -4.883432e-017 9.766864e-017 -4.688095e-016
          1600000  -4.851427e-013 -4.883432e-017 8.057663e-017 -6.250793e-016
          1700000  -5.296907e-013 -7.325148e-017 8.790177e-017 -1.718968e-015
          1800000  -4.720519e-013 -4.883432e-017 9.522692e-017 -7.813491e-016
          1900000  -4.661903e-013 -8.790177e-017 1.025521e-016 -2.500317e-015
          2000000  -2.047642e-013 -9.278521e-017 1.062146e-016 -2.187777e-015
          2100000  -5.511831e-013 -9.278521e-017 1.135398e-016 -1.406428e-015
          2200000  -4.800627e-013 -6.348461e-017 1.159815e-016 1.562698e-016
          2300000  -6.267973e-013 -7.813491e-017 1.074355e-016 3.125396e-016
          2400000  -5.054628e-013 -6.348461e-017 1.281901e-016 6.250793e-016
          2500000  -2.581045e-013 -7.813491e-017 1.513864e-016 1.406428e-015
          2600000  -5.205075e-013 -7.813491e-017 1.721410e-016 1.406428e-015
          2700000  -4.951074e-013 -9.278521e-017 2.099876e-016 1.562698e-015
          2800000  -5.111290e-013 -8.301834e-017 1.709201e-016 2.500317e-015
          2900000  -5.017505e-013 -7.813491e-017 1.672575e-016 3.437936e-015
          3000000  -5.214845e-013 -8.790177e-017 1.831287e-016 2.187777e-015
          3100000  -3.925299e-013 -1.318527e-016 1.941164e-016 2.344047e-015
          3200000  -5.025320e-013 -1.172024e-016 1.721410e-016 2.031508e-015
          3300000  -5.089798e-013 -1.172024e-016 1.257484e-016 1.718968e-015
          3400000  -5.066351e-013 -1.513864e-016 1.477238e-016 1.250159e-015
          3500000  -4.624780e-013 -1.318527e-016 1.172024e-016 2.187777e-015
          3600000  -5.136690e-013 -1.318527e-016 1.110981e-016 2.031508e-015
          3700000  -5.248060e-013 -1.318527e-016 8.179748e-017 1.093889e-015
          3800000  -5.003828e-013 -1.416195e-016 1.269692e-016 1.093889e-015
          3900000  -5.080028e-013 -1.611533e-016 1.379570e-016 6.250793e-016
          4000000  -3.577512e-013 -1.660367e-016 1.806870e-016 4.688095e-016
          4100000  -5.126921e-013 -1.758035e-016 1.867913e-016 1.562698e-016
          4200000  -3.102725e-013 -2.246379e-016 1.880121e-016 0.000000e+000
          4300000  -5.040951e-013 -2.246379e-016 1.965581e-016 -4.688095e-016
          4400000  -6.404743e-013 -1.904538e-016 1.696993e-016 -1.562698e-016
          4500000  -3.614636e-013 -1.611533e-016 1.513864e-016 -9.376189e-016
          4600000  -5.201168e-013 -1.806870e-016 1.184232e-016 -1.250159e-015
          4700000  -6.439913e-013 -1.513864e-016 1.709201e-016 -6.250793e-016
          4800000  -5.105429e-013 -1.172024e-016 1.465030e-016 -1.562698e-016
          4900000  -5.226568e-013 -1.172024e-016 1.123189e-016 -1.562698e-016
          5000000  -3.991730e-013 -1.367361e-016 1.489447e-016 -3.125396e-016
          5100000  -4.460656e-013 -1.172024e-016 1.452821e-016 -1.562698e-016
          5200000  -5.164044e-013 -1.269692e-016 1.123189e-016 -1.562698e-016
          5300000  -4.990151e-013 -1.367361e-016 1.257484e-016 -3.125396e-016
          5400000  -1.194002e-012 -1.318527e-016 1.147606e-016 -9.376189e-016
          5500000  -3.700605e-013 -1.074355e-016 1.013312e-016 3.125396e-016
          5600000  -4.954982e-013 -6.836805e-017 6.348461e-017 3.125396e-016
          5700000  -3.569697e-013 -1.123189e-016 5.249689e-017 -7.813491e-016
          5800000  -4.843612e-013 -1.074355e-016 5.249689e-017 -1.093889e-015
          5900000  -4.124592e-013 -9.766864e-017 9.156435e-017 -2.031508e-015
          6000000  -3.962422e-013 -1.123189e-016 1.098772e-016 -3.594206e-015
          6100000  -5.445400e-013 -1.123189e-016 1.416195e-016 -3.437936e-015
          6200000  -4.999920e-013 -1.025521e-016 1.709201e-016 -4.063015e-015
          6300000  -4.667765e-013 -8.790177e-017 1.477238e-016 -4.219285e-015
          6400000  -4.200793e-013 -6.836805e-017 1.782453e-016 -4.844364e-015
          6500000  -2.952278e-013 -7.325148e-017 2.002207e-016 -4.375555e-015
          6600000  9.968579e-013 -7.813491e-017 1.855704e-016 -3.906746e-015
          6700000  -5.658370e-013 -4.395089e-017 1.672575e-016 -3.125396e-015
          6800000  -4.951074e-013 -4.395089e-017 1.660367e-016 -2.969127e-015
          6900000  -5.423907e-013 -1.465030e-017 2.160919e-016 -2.812857e-015
          7000000  -4.786950e-013 -2.930059e-017 2.502759e-016 -3.281666e-015
          7100000  -5.578262e-013 -2.930059e-017 2.478342e-016 -2.969127e-015
          7200000  -5.259783e-013 -4.395089e-017 2.319630e-016 -2.812857e-015
          7300000  -5.447354e-013 -4.395089e-017 2.136501e-016 -2.969127e-015
          7400000  -5.459077e-013 -6.348461e-017 1.928956e-016 -3.125396e-015
          7500000  -4.626734e-013 -7.813491e-017 1.513864e-016 -3.437936e-015
          7600000  -1.529870e-013 -4.395089e-017 1.074355e-016 -4.219285e-015
          7700000  -5.541139e-013 -4.883432e-018 1.709201e-017 -4.844364e-015
          7800000  -4.693165e-013 4.395089e-017 -3.784660e-017 -3.750476e-015
          7900000  -5.445400e-013 5.371775e-017 -6.348461e-017 -4.063015e-015
          8000000  -5.105429e-013 8.301834e-017 -5.127603e-017 -4.375555e-015
          8100000  -5.730663e-013 7.325148e-017 -2.563802e-017 -5.000634e-015
          8200000  -5.820540e-013 1.172024e-016 -7.203062e-017 -3.906746e-015
          8300000  3.737729e-013 9.766864e-017 -5.493861e-017 -3.125396e-015
          8400000  -5.967080e-013 1.025521e-016 -7.691405e-017 -2.500317e-015
          8500000  -4.448933e-013 9.766864e-017 -7.691405e-017 -3.125396e-015
          8600000  -5.208983e-013 8.301834e-017 -9.400606e-017 -4.375555e-015
          8700000  -5.554816e-013 1.123189e-016 -1.086564e-016 -3.281666e-015
          8800000  -4.937397e-013 1.025521e-016 -1.403987e-016 -2.500317e-015
          8900000  -5.406323e-013 1.318527e-016 -1.672575e-016 -2.344047e-015
          9000000  -7.719689e-013 1.220858e-016 -1.440612e-016 -2.656587e-015
          9100000  -5.781463e-013 1.074355e-016 -1.281901e-016 -2.969127e-015
          9200000  -5.814679e-013 1.367361e-016 -1.770244e-016 -2.500317e-015
          9300000  -4.530995e-013 1.611533e-016 -1.489447e-016 -2.344047e-015
          9400000  -4.503641e-013 1.660367e-016 -1.513864e-016 -2.812857e-015
          9500000  -3.331326e-013 1.513864e-016 -1.025521e-016 -3.437936e-015
          9600000  -4.595472e-013 1.660367e-016 -8.423920e-017 -4.063015e-015
          9700000  -2.133612e-013 1.611533e-016 -9.156435e-017 -4.688095e-015
          9800000  -4.134362e-013 1.806870e-016 -1.208649e-016 -4.375555e-015
          9900000  -4.507548e-013 2.344047e-016 -1.208649e-016 -3.750476e-015
         10000000  -3.173064e-013 2.344047e-016 -8.057663e-017 -2.812857e-015
         10100000  -4.548579e-013 2.246379e-016 -6.714719e-017 -2.500317e-015
         10200000  -3.794390e-013 2.295213e-016 -4.761346e-017 -2.500317e-015
         10300000  -8.489509e-013 2.344047e-016 -4.273003e-017 -2.344047e-015
         10400000  1.817087e-014 2.295213e-016 1.220858e-018 -2.187777e-015
         10500000  -4.310209e-013 2.148710e-016 -3.174231e-017 -2.344047e-015
         10600000  -5.357476e-013 2.295213e-016 4.883432e-018 -1.875238e-015
         10700000  -5.337938e-013 2.295213e-016 5.615947e-017 -2.031508e-015
         10800000  -4.599380e-013 2.539385e-016 5.738032e-017 -3.125396e-015
         10900000  -2.305551e-014 2.441716e-016 1.831287e-017 -3.281666e-015
         11000000  -3.110540e-013 2.392882e-016 7.080976e-017 -2.500317e-015
         11100000  -6.783792e-013 2.295213e-016 1.123189e-016 -2.500317e-015
         11200000  -5.244152e-013 2.490550e-016 1.074355e-016 -2.344047e-015
         11300000  -4.792811e-013 2.295213e-016 1.330735e-016 -3.281666e-015
         11400000  -5.548954e-013 2.637053e-016 1.880121e-016 -2.500317e-015
         11500000  -3.296157e-013 2.392882e-016 2.087667e-016 -2.500317e-015
         11600000  1.288373e-012 2.051041e-016 1.892330e-016 -3.437936e-015
         11700000  -5.824448e-013 2.148710e-016 2.099876e-016 -3.125396e-015
         11800000  -5.167952e-013 2.344047e-016 1.941164e-016 -3.750476e-015
         11900000  -5.580216e-013 2.344047e-016 1.867913e-016 -2.969127e-015
         12000000  -3.591189e-013 2.637053e-016 1.416195e-016 -2.969127e-015
         12100000  -5.183583e-013 2.832390e-016 1.501655e-016 -3.594206e-015
         12200000  -5.462984e-013 3.076562e-016 1.379570e-016 -3.437936e-015
         12300000  -5.230475e-013 3.223065e-016 1.623741e-016 -3.281666e-015
         12400000  -5.449307e-013 3.271899e-016 1.135398e-016 -3.750476e-015
         12500000  -2.747123e-013 3.467237e-016 6.470547e-017 -4.219285e-015
         12600000  -1.951903e-013 3.174231e-016 1.074355e-016 -3.750476e-015
         12700000  -5.759971e-013 3.418402e-016 6.104290e-017 -3.125396e-015
         12800000  -1.021867e-013 3.711408e-016 8.057663e-017 -3.125396e-015
         12900000  -3.012848e-013 3.613740e-016 9.522692e-017 -3.125396e-015
         13000000  5.451261e-014 3.418402e-016 6.836805e-017 -5.156904e-015
         13100000  -3.067556e-013 3.711408e-016 6.104290e-017 -4.844364e-015
         13200000  -1.334875e-012 3.955580e-016 5.615947e-017 -4.844364e-015
         13300000  -8.952573e-013 3.955580e-016 6.226376e-017 -5.000634e-015
         13400000  -4.386409e-013 4.004414e-016 8.057663e-017 -4.531825e-015
         13500000  -1.174268e-013 3.857911e-016 9.156435e-017 -3.906746e-015
         13600000  -4.341470e-013 3.564905e-016 1.049938e-016 -4.375555e-015
         13700000  -4.450886e-013 3.760243e-016 1.196441e-016 -2.344047e-015
         13800000  -4.278947e-013 4.053248e-016 7.325148e-017 -2.812857e-015
         13900000  -4.364917e-013 3.955580e-016 7.569319e-017 -2.500317e-015
         14000000  -1.172314e-014 3.760243e-016 1.233067e-016 -2.031508e-015
         14100000  -2.477491e-013 3.809077e-016 1.086564e-016 -2.344047e-015
         14200000  -4.079654e-013 3.662574e-016 1.599324e-016 -1.093889e-015
         14300000  -4.032761e-013 3.760243e-016 1.330735e-016 -1.406428e-015
         14400000  -2.786591e-012 3.613740e-016 1.660367e-016 -3.125396e-016
         14500000  2.904018e-012 3.516071e-016 1.806870e-016 0.000000e+000
         14600000  2.337985e-012 3.857911e-016 1.745827e-016 1.250159e-015
         14700000  1.176222e-012 3.857911e-016 1.855704e-016 1.875238e-015
         14800000  1.044923e-012 4.248586e-016 1.465030e-016 2.031508e-015
         14900000  2.332905e-013 4.297420e-016 1.819078e-016 2.500317e-015
         15000000  9.048312e-013 4.492757e-016 2.063250e-016 3.125396e-015
         15100000  1.242653e-013 4.688095e-016 1.892330e-016 4.219285e-015
         15200000  -1.004283e-013 4.736929e-016 1.733618e-016 4.531825e-015
         15300000  1.871795e-013 4.639260e-016 1.330735e-016 3.750476e-015
         15400000  1.801456e-013 4.639260e-016 1.391778e-016 4.375555e-015
         15500000  4.286762e-013 4.443923e-016 1.245275e-016 4.219285e-015
         15600000  9.124513e-014 4.443923e-016 7.813491e-017 3.594206e-015
         15700000  -2.500937e-014 3.857911e-016 4.273003e-017 2.500317e-015
         15800000  2.612307e-013 4.150917e-016 6.958890e-017 2.969127e-015
         15900000  -5.668139e-013 4.102083e-016 3.784660e-017 1.718968e-015
         16000000  3.208233e-013 4.346254e-016 3.906746e-017 1.562698e-015
         16100000  -6.695868e-013 4.248586e-016 2.319630e-017 1.562698e-016
         16200000  1.820018e-012 4.150917e-016 7.080976e-017 4.688095e-016
         16300000  -3.055832e-013 4.004414e-016 7.569319e-017 0.000000e+000
         16400000  -3.485681e-013 3.662574e-016 9.766864e-017 -1.406428e-015
         16500000  -1.367700e-015 3.613740e-016 1.257484e-016 -1.875238e-015
         16600000  -2.965955e-013 4.102083e-016 1.172024e-016 -1.406428e-015
         16700000  -7.633720e-013 4.346254e-016 1.355152e-016 -9.376189e-016
         16800000  -2.549783e-013 4.346254e-016 1.916747e-016 -4.688095e-016
         16900000  -8.616510e-014 3.955580e-016 2.136501e-016 3.125396e-016
         17000000  -1.021867e-013 4.102083e-016 2.356256e-016 1.562698e-016
         17100000  -3.944837e-013 4.248586e-016 2.844599e-016 9.376189e-016
         17200000  2.170735e-013 4.346254e-016 3.064354e-016 9.376189e-016
         17300000  -1.426120e-012 4.150917e-016 3.442819e-016 7.813491e-016
         17400000  -2.864745e-012 4.199751e-016 3.247482e-016 3.125396e-016
         17500000  -1.729066e-011 4.346254e-016 3.296317e-016 9.376189e-016
         17600000  -1.935139e-011 4.102083e-016 2.795765e-016 -4.688095e-016
         17700000  -1.951376e-011 4.053248e-016 3.271899e-016 1.718968e-015
         17800000  -1.967690e-011 4.395089e-016 2.905642e-016 2.656587e-015
         17900000  -1.965346e-011 4.297420e-016 2.832390e-016 2.812857e-015
         18000000  -1.939907e-011 4.102083e-016 2.490550e-016 1.875238e-015
         18100000  -1.960461e-011 3.955580e-016 2.148710e-016 2.031508e-015
         18200000  -1.959328e-011 3.857911e-016 1.880121e-016 9.376189e-016
         18300000  -1.951395e-011 3.906746e-016 2.197544e-016 1.562698e-015
         18400000  -1.955928e-011 3.760243e-016 2.051041e-016 1.562698e-015
         18500000  -1.944049e-011 4.102083e-016 2.270796e-016 3.125396e-015
         18600000  -1.933029e-011 4.199751e-016 2.283004e-016 3.281666e-015
         18700000  -2.048600e-011 3.809077e-016 2.527176e-016 2.969127e-015
         18800000  -2.032637e-011 3.857911e-016 2.588219e-016 3.594206e-015
         18900000  -2.038440e-011 3.760243e-016 2.612636e-016 4.531825e-015
         19000000  -2.029960e-011 3.955580e-016 2.954476e-016 5.156904e-015
         19100000  -2.045571e-011 4.102083e-016 2.588219e-016 5.313174e-015
         19200000  -2.048619e-011 4.150917e-016 2.392882e-016 5.000634e-015
         19300000  -2.044184e-011 4.541592e-016 2.551593e-016 5.625714e-015
         19400000  -2.046802e-011 4.590426e-016 2.551593e-016 5.625714e-015
         19500000  -2.033653e-011 4.639260e-016 2.258587e-016 5.000634e-015
         19600000  -2.040120e-011 4.590426e-016 1.794661e-016 5.469444e-015
         19700000  -2.048209e-011 4.785763e-016 1.574907e-016 5.469444e-015
         19800000  -1.843171e-011 4.785763e-016 8.301834e-017 5.000634e-015
         19900000  -2.035704e-011 4.736929e-016 7.935577e-017 5.469444e-015
         20000000  -2.041663e-011 5.029935e-016 1.074355e-016 5.938253e-015
         20100000  -2.042464e-011 4.981101e-016 1.330735e-016 5.781983e-015
         20200000  -2.018041e-011 5.029935e-016 1.867913e-016 7.344682e-015
         20300000  -2.050827e-011 4.785763e-016 1.526072e-016 6.875872e-015
         20400000  -2.062492e-011 4.688095e-016 1.416195e-016 5.625714e-015
         20500000  -2.067239e-011 5.176438e-016 1.220858e-016 5.938253e-015
         20600000  -2.061339e-011 5.371775e-016 1.074355e-016 5.469444e-015
         20700000  -2.119212e-011 5.176438e-016 7.569319e-017 4.219285e-015
         20800000  -2.118684e-011 5.469444e-016 4.517174e-017 4.844364e-015
         20900000  -2.074117e-011 5.713615e-016 7.447234e-017 4.688095e-015
         21000000  -1.935608e-011 5.908953e-016 1.208649e-016 5.469444e-015
         21100000  -2.074215e-011 5.713615e-016 1.440612e-016 5.313174e-015
         21200000  -2.069955e-011 5.762450e-016 9.156435e-017 5.156904e-015
         21300000  -2.071792e-011 5.908953e-016 8.301834e-017 5.156904e-015
         21400000  -2.073629e-011 5.908953e-016 7.935577e-017 5.313174e-015
         21500000  -1.940043e-011 5.762450e-016 8.546006e-017 4.375555e-015
         21600000  -1.907062e-011 5.762450e-016 2.441716e-017 3.437936e-015
         21700000  -1.886859e-011 5.908953e-016 2.930059e-017 3.750476e-015
         21800000  -1.902432e-011 6.153124e-016 2.197544e-017 3.906746e-015
         21900000  -1.959582e-011 5.908953e-016 6.836805e-017 3.594206e-015
         22000000  -1.919684e-011 5.713615e-016 4.761346e-017 3.281666e-015
         22100000  -1.948953e-011 5.664781e-016 6.592633e-017 4.219285e-015
         22200000  -1.946413e-011 5.469444e-016 1.098772e-017 2.031508e-015
         22300000  -1.957061e-011 5.371775e-016 2.319630e-017 2.500317e-015
         22400000  -1.920739e-011 4.981101e-016 4.395089e-017 2.656587e-015
         22500000  -1.977440e-011 5.127603e-016 8.546006e-018 2.031508e-015
         22600000  -1.955889e-011 5.078769e-016 7.325148e-017 1.562698e-015
         22700000  -1.965932e-011 4.639260e-016 9.644778e-017 1.562698e-015
         22800000  -1.965893e-011 4.834598e-016 1.049938e-016 1.718968e-015
         22900000  -1.966166e-011 4.736929e-016 8.301834e-017 1.093889e-015
         23000000  -1.959680e-011 4.492757e-016 5.982204e-017 9.376189e-016
         23100000  -1.976580e-011 4.688095e-016 1.013312e-016 6.250793e-016
         23200000  -1.979765e-011 4.736929e-016 1.159815e-016 1.406428e-015
         23300000  -1.956084e-011 4.981101e-016 1.025521e-016 1.718968e-015
         23400000  -1.971950e-011 4.883432e-016 5.493861e-017 1.562698e-015
         23500000  -1.964154e-011 5.176438e-016 1.953373e-017 2.187777e-015
         23600000  -1.974841e-011 5.176438e-016 2.807973e-017 6.250793e-016
         23700000  -1.978280e-011 5.567112e-016 -9.766864e-018 1.250159e-015
         23800000  -1.974763e-011 5.615947e-016 -3.418402e-017 3.125396e-016
         23900000  -1.977557e-011 6.006621e-016 -1.709201e-017 -1.562698e-016
         24000000  -1.974978e-011 5.908953e-016 -5.982204e-017 9.376189e-016
         24100000  -1.979179e-011 6.201958e-016 -9.278521e-017 9.376189e-016
         24200000  -1.978710e-011 6.299627e-016 -9.766864e-017 0.000000e+000
         24300000  -1.975447e-011 6.397296e-016 -7.569319e-017 -4.688095e-016
         24400000  -2.015013e-011 6.153124e-016 -9.156435e-017 -7.813491e-016
         24500000  -1.994263e-011 6.446130e-016 -1.159815e-016 -7.813491e-016
         24600000  -2.025192e-011 6.494964e-016 -1.098772e-016 -1.093889e-015
         24700000  -1.989847e-011 6.250793e-016 -1.318527e-016 -1.250159e-015
         24800000  -2.041194e-011 6.201958e-016 -1.294109e-016 -9.376189e-016
         24900000  -2.036622e-011 6.348461e-016 -1.648158e-016 -9.376189e-016
         25000000  -2.042171e-011 6.299627e-016 -1.684784e-016 -7.813491e-016
         25100000  -2.047369e-011 6.104290e-016 -1.843496e-016 -1.406428e-015
         25200000  -2.052507e-011 6.104290e-016 -1.294109e-016 -1.250159e-015
         25300000  -2.041527e-011 6.348461e-016 -1.172024e-016 -9.376189e-016
         25400000  -2.125523e-011 6.348461e-016 -1.062146e-016 -1.562698e-015
         25500000  -2.045552e-011 6.446130e-016 -1.709201e-016 -1.250159e-015
         25600000  -2.049811e-011 5.860118e-016 -1.391778e-016 -6.250793e-016
         25700000  -2.049831e-011 5.811284e-016 -1.062146e-016 -1.250159e-015
         25800000  -2.043031e-011 5.860118e-016 -1.538281e-016 -1.562698e-015
         25900000  -2.076950e-011 5.860118e-016 -1.684784e-016 -1.875238e-015
         26000000  -2.053719e-011 5.615947e-016 -1.904538e-016 -2.031508e-015
         26100000  -1.966362e-011 5.225272e-016 -1.501655e-016 -2.656587e-015
         26200000  -2.158328e-011 5.127603e-016 -1.306318e-016 -2.500317e-015
         26300000  -2.168957e-011 5.371775e-016 -1.648158e-016 -1.406428e-015
         26400000  -2.182693e-011 4.981101e-016 -2.124293e-016 -1.250159e-015
         26500000  -2.241250e-011 4.981101e-016 -2.283004e-016 -1.093889e-015
         26600000  -2.234372e-011 5.225272e-016 -2.722513e-016 -9.376189e-016
         26700000  -2.232184e-011 5.078769e-016 -2.441716e-016 -7.813491e-016
         26800000  -2.224603e-011 5.029935e-016 -2.563802e-016 -1.250159e-015
         26900000  -2.231402e-011 5.078769e-016 -1.977790e-016 -7.813491e-016
         27000000  -2.220246e-011 5.420609e-016 -2.014416e-016 -6.250793e-016
         27100000  -2.233083e-011 5.420609e-016 -1.599324e-016 -6.250793e-016
         27200000  -2.232340e-011 5.420609e-016 -1.452821e-016 -1.093889e-015
         27300000  -2.201704e-011 5.762450e-016 -1.721410e-016 -1.562698e-015
         27400000  -2.233747e-011 5.420609e-016 -1.208649e-016 -7.813491e-016
         27500000  -2.228530e-011 5.615947e-016 -1.550490e-016 -1.406428e-015
         27600000  -2.284450e-011 5.762450e-016 -1.806870e-016 -9.376189e-016
         27700000  -2.024020e-011 6.104290e-016 -2.344047e-016 -6.250793e-016
         27800000  -2.061866e-011 6.104290e-016 -2.368464e-016 -1.562698e-016
         27900000  -2.526259e-011 5.908953e-016 -2.563802e-016 -6.250793e-016
         28000000  -2.484740e-011 5.518278e-016 -2.576010e-016 -1.562698e-016
         28100000  -2.508440e-011 5.518278e-016 -2.661470e-016 -1.250159e-015
         28200000  -2.520632e-011 5.811284e-016 -2.710305e-016 -1.093889e-015
         28300000  -2.498163e-011 5.811284e-016 -2.917851e-016 -2.344047e-015
         28400000  -2.507033e-011 5.713615e-016 -2.478342e-016 -1.875238e-015
         28500000  -2.488374e-011 5.908953e-016 -2.624845e-016 -1.875238e-015
         28600000  -2.508967e-011 5.713615e-016 -2.417299e-016 -1.718968e-015
         28700000  -2.512387e-011 5.811284e-016 -2.832390e-016 -2.187777e-015
         28800000  -2.507482e-011 5.762450e-016 -2.490550e-016 -2.656587e-015
         28900000  -2.507287e-011 5.811284e-016 -2.612636e-016 -2.344047e-015
         29000000  -2.365085e-011 6.104290e-016 -2.307422e-016 -2.344047e-015
         29100000  -2.362624e-011 5.811284e-016 -1.819078e-016 -2.969127e-015
         29200000  -2.458636e-011 6.201958e-016 -2.331839e-016 -1.718968e-015
         29300000  -2.305219e-011 6.543799e-016 -2.710305e-016 -1.718968e-015
         29400000  -2.299221e-011 6.690302e-016 -2.832390e-016 -1.562698e-015
         29500000  -2.291738e-011 6.983308e-016 -3.247482e-016 -9.376189e-016
         29600000  -2.317822e-011 7.129811e-016 -3.760243e-016 -1.250159e-015
         29700000  -2.318173e-011 6.934473e-016 -3.418402e-016 -1.562698e-016
         29800000  -2.306724e-011 6.739136e-016 -3.638157e-016 -1.562698e-016
         29900000  -2.337907e-011 6.690302e-016 -4.102083e-016 3.125396e-016
         30000000  -2.301507e-011 6.592633e-016 -4.102083e-016 6.250793e-016
         30100000  -2.313875e-011 6.690302e-016 -3.589322e-016 1.562698e-015
         30200000  -2.326575e-011 6.739136e-016 -3.381777e-016 9.376189e-016
         30300000  -2.317196e-011 6.543799e-016 -3.015519e-016 1.093889e-015
         30400000  -2.538178e-011 6.299627e-016 -3.662574e-016 3.125396e-016
         30500000  -2.301624e-011 6.446130e-016 -3.979997e-016 1.562698e-016
         30600000  -2.340350e-011 6.592633e-016 -3.894537e-016 9.376189e-016
         30700000  -2.236131e-011 6.592633e-016 -3.857911e-016 9.376189e-016
         30800000  -2.222845e-011 6.739136e-016 -3.748034e-016 1.562698e-015
         30900000  -2.252426e-011 6.739136e-016 -3.284108e-016 1.562698e-015
         31000000  -2.240761e-011 6.787970e-016 -3.259691e-016 2.031508e-015
         31100000  -2.258678e-011 6.885639e-016 -3.393985e-016 2.500317e-015
         31200000  -2.259597e-011 7.032142e-016 -3.577114e-016 2.500317e-015
         31300000  -2.256158e-011 7.325148e-016 -3.332942e-016 3.125396e-015
         31400000  -2.257858e-011 7.178645e-016 -2.954476e-016 2.031508e-015
         31500000  -2.238319e-011 7.178645e-016 -3.162022e-016 1.406428e-015
         31600000  -2.254810e-011 7.080976e-016 -3.052145e-016 1.875238e-015
         31700000  -2.259401e-011 7.129811e-016 -3.259691e-016 1.093889e-015
         31800000  -2.085528e-011 7.325148e-016 -3.259691e-016 1.406428e-015
         31900000  -2.272297e-011 7.227479e-016 -2.710305e-016 2.031508e-015
         32000000  -2.237967e-011 7.227479e-016 -2.319630e-016 2.187777e-015
         32100000  -2.266748e-011 7.129811e-016 -1.770244e-016 1.562698e-015
         32200000  -2.272043e-011 7.032142e-016 -1.391778e-016 9.376189e-016
         32300000  -2.272453e-011 7.129811e-016 -1.428404e-016 1.250159e-015
         32400000  -2.249456e-011 7.032142e-016 -1.660367e-016 1.093889e-015
         32500000  -2.193185e-011 6.983308e-016 -1.526072e-016 3.125396e-016
         32600000  -2.258991e-011 7.276314e-016 -1.660367e-016 1.562698e-016
         32700000  -2.275814e-011 7.569319e-016 -1.465030e-016 6.250793e-016
         32800000  -2.255611e-011 7.666988e-016 -1.965581e-016 7.813491e-016
         32900000  -2.262117e-011 7.471651e-016 -2.014416e-016 4.688095e-016
         33000000  -2.236248e-011 7.813491e-016 -1.660367e-016 -3.125396e-016
         33100000  -2.264872e-011 7.862325e-016 -1.306318e-016 4.688095e-016
         33200000  -2.255650e-011 8.057663e-016 -1.257484e-016 7.813491e-016
         33300000  -2.254360e-011 8.253000e-016 -1.526072e-016 1.406428e-015
         33400000  -2.259714e-011 8.936680e-016 -1.989998e-016 2.344047e-015
         33500000  -2.244708e-011 9.132018e-016 -2.148710e-016 2.500317e-015
         33600000  -2.243731e-011 8.936680e-016 -2.075459e-016 1.250159e-015
         33700000  -2.279077e-011 9.376189e-016 -2.051041e-016 2.969127e-015
         33800000  -2.256041e-011 9.132018e-016 -1.843496e-016 1.718968e-015
         33900000  -2.267158e-011 9.327355e-016 -1.977790e-016 2.187777e-015
         34000000  -2.247639e-011 9.327355e-016 -2.319630e-016 1.250159e-015
         34100000  -2.261042e-011 9.571526e-016 -2.246379e-016 2.031508e-015
         34200000  -2.251039e-011 9.864532e-016 -1.782453e-016 4.219285e-015
         34300000  -2.256060e-011 9.962201e-016 -1.342944e-016 4.688095e-015
         34400000  -2.255962e-011 9.962201e-016 -1.794661e-016 5.156904e-015
         34500000  -2.247815e-011 1.020637e-015 -2.026624e-016 6.094523e-015
         34600000  -2.259753e-011 1.001104e-015 -2.026624e-016 5.156904e-015
         34700000  -2.259655e-011 1.005987e-015 -2.380673e-016 4.219285e-015
         34800000  -2.247991e-011 1.020637e-015 -1.855704e-016 5.156904e-015
         34900000  -2.268799e-011 1.015754e-015 -2.026624e-016 3.906746e-015
         35000000  -2.253813e-011 1.010870e-015 -2.246379e-016 3.281666e-015
         35100000  -2.249378e-011 1.035288e-015 -2.038833e-016 2.656587e-015
         35200000  -2.240879e-011 1.079238e-015 -1.721410e-016 4.375555e-015
         35300000  -2.197952e-011 1.054821e-015 -1.465030e-016 3.750476e-015
         35400000  -2.254653e-011 1.030404e-015 -1.269692e-016 3.437936e-015
         35500000  -2.250941e-011 1.049938e-015 -1.098772e-016 4.219285e-015
         35600000  -2.259460e-011 1.040171e-015 -1.233067e-016 4.688095e-015
         35700000  -2.271437e-011 1.030404e-015 -1.208649e-016 4.063015e-015
         35800000  -2.269385e-011 1.040171e-015 -1.355152e-016 2.812857e-015
         35900000  -2.259206e-011 1.049938e-015 -1.220858e-016 2.187777e-015
         36000000  -2.251508e-011 1.045054e-015 -7.325148e-017 2.187777e-015
         36100000  -2.261199e-011 1.035288e-015 -3.784660e-017 3.437936e-015
         36200000  -2.260574e-011 1.010870e-015 -1.220858e-018 3.750476e-015
         36300000  -2.410219e-011 1.010870e-015 -3.174231e-017 3.906746e-015
         36400000  -2.260730e-011 9.718029e-016 -3.052145e-017 2.344047e-015
         36500000  -2.245900e-011 9.815698e-016 -1.220858e-017 2.812857e-015
         36600000  -2.243126e-011 9.864532e-016 -3.540488e-017 1.562698e-015
         36700000  -2.251097e-011 9.864532e-016 -3.540488e-017 1.562698e-015
         36800000  -2.242657e-011 9.620361e-016 -7.447234e-017 1.250159e-015
         36900000  -2.257174e-011 9.473858e-016 -8.423920e-017 9.376189e-016
         37000000  -2.255200e-011 9.425024e-016 -9.766864e-017 1.093889e-015
         37100000  -2.248401e-011 9.718029e-016 -1.013312e-016 1.406428e-015
         37200000  -2.242911e-011 9.278521e-016 -6.592633e-017 -7.813491e-016
         37300000  -2.243829e-011 9.473858e-016 -3.906746e-017 -6.250793e-016
         37400000  -2.257565e-011 9.620361e-016 -2.807973e-017 6.250793e-016
         37500000  -2.244122e-011 1.001104e-015 4.883432e-018 1.250159e-015
         37600000  -2.253559e-011 1.030404e-015 4.883432e-018 6.250793e-016
         37700000  -2.253442e-011 1.025521e-015 3.540488e-017 3.125396e-016
         37800000  -2.243165e-011 1.025521e-015 2.685888e-017 4.688095e-016
         37900000  -2.252426e-011 1.045054e-015 -1.220858e-018 1.250159e-015
         38000000  -2.244415e-011 1.040171e-015 -1.709201e-017 1.875238e-015
         38100000  -2.236268e-011 1.049938e-015 -4.395089e-017 7.813491e-016
         38200000  -2.276243e-011 1.020637e-015 -3.784660e-017 7.813491e-016
         38300000  -2.244591e-011 9.962201e-016 -1.587115e-017 0.000000e+000
         38400000  -2.252387e-011 1.001104e-015 2.197544e-017 7.813491e-016
         38500000  -2.253540e-011 9.815698e-016 4.028831e-017 9.376189e-016
         38600000  -2.257428e-011 9.718029e-016 4.273003e-017 1.093889e-015
         38700000  -2.253579e-011 9.522692e-016 -1.220858e-018 3.125396e-016
         38800000  -2.247424e-011 9.766864e-016 -3.540488e-017 6.250793e-016
         38900000  -2.253090e-011 9.425024e-016 -2.807973e-017 -1.562698e-016
         39000000  -2.248968e-011 9.376189e-016 -3.784660e-017 -3.125396e-016
         39100000  -2.253989e-011 9.132018e-016 -2.197544e-017 -6.250793e-016
         39200000  -2.257193e-011 9.132018e-016 2.441716e-018 -6.250793e-016
         39300000  -2.265048e-011 8.936680e-016 3.662574e-017 -1.250159e-015
         39400000  -2.253247e-011 8.692509e-016 6.226376e-017 -2.812857e-015
         39500000  -2.239257e-011 8.790177e-016 6.958890e-017 -3.281666e-015
         39600000  -2.253774e-011 8.594840e-016 8.301834e-017 -3.281666e-015
         39700000  -2.225678e-011 8.057663e-016 5.615947e-017 -4.844364e-015
         39800000  -2.277846e-011 8.106497e-016 7.691405e-017 -4.844364e-015
         39900000  -2.284860e-011 7.959994e-016 9.522692e-017 -5.000634e-015
         40000000  -2.245158e-011 7.813491e-016 6.836805e-017 -6.094523e-015
         40100000  -2.242618e-011 8.008828e-016 8.668092e-017 -5.781983e-015
         40200000  -2.248694e-011 8.204166e-016 5.371775e-017 -5.781983e-015
         40300000  -2.240566e-011 8.301834e-016 9.278521e-017 -5.938253e-015
         40400000  -2.257193e-011 8.448337e-016 1.098772e-016 -4.688095e-015
         40500000  -2.246838e-011 8.057663e-016 1.098772e-016 -5.000634e-015
         40600000  -2.249378e-011 7.715822e-016 8.423920e-017 -5.938253e-015
         40700000  -2.251781e-011 7.862325e-016 8.668092e-017 -5.781983e-015
         40800000  -2.249300e-011 7.959994e-016 4.883432e-017 -5.625714e-015
         40900000  -2.265908e-011 7.666988e-016 2.197544e-017 -6.563332e-015
         41000000  -2.239960e-011 7.618154e-016 6.104290e-017 -7.344682e-015
         41100000  -2.242364e-011 7.569319e-016 7.691405e-017 -7.500951e-015
         41200000  -2.231617e-011 7.373982e-016 9.034349e-017 -7.813491e-015
         41300000  -2.239237e-011 7.325148e-016 3.418402e-017 -6.094523e-015
         41400000  -2.250746e-011 7.569319e-016 4.883432e-017 -6.250793e-015
         41500000  -2.249437e-011 7.911160e-016 7.325148e-017 -5.938253e-015
         41600000  -2.246291e-011 8.106497e-016 6.348461e-017 -5.938253e-015
         41700000  -2.252934e-011 8.057663e-016 4.883432e-018 -7.032142e-015
         41800000  -2.240937e-011 8.008828e-016 1.220858e-018 -7.344682e-015
         41900000  -2.253110e-011 8.008828e-016 1.220858e-018 -7.344682e-015
         42000000  -2.250023e-011 8.301834e-016 0.000000e+000 -7.188412e-015
         42100000  -2.250394e-011 8.399503e-016 1.342944e-017 -6.563332e-015
         42200000  -2.253891e-011 8.204166e-016 2.807973e-017 -6.875872e-015
         42300000  -2.217589e-011 8.497171e-016 1.953373e-017 -6.407063e-015
         42400000  -2.251117e-011 8.497171e-016 5.493861e-017 -7.500951e-015
         42500000  -2.240058e-011 8.546006e-016 8.301834e-017 -8.282300e-015
         42600000  -2.253637e-011 8.448337e-016 1.196441e-016 -7.032142e-015
         42700000  -2.296857e-011 8.790177e-016 1.086564e-016 -6.719602e-015
         42800000  -2.427023e-011 8.741343e-016 1.623741e-016 -6.407063e-015
         42900000  -2.259245e-011 8.936680e-016 1.599324e-016 -7.032142e-015
         43000000  -2.254927e-011 9.083183e-016 1.587115e-016 -6.563332e-015
         43100000  -2.253735e-011 8.741343e-016 7.691405e-017 -7.969761e-015
         43200000  -2.257721e-011 8.741343e-016 4.273003e-017 -8.282300e-015
         43300000  -2.224447e-011 8.936680e-016 5.738032e-017 -7.657221e-015
         43400000  -2.257721e-011 8.887846e-016 3.906746e-017 -7.032142e-015
         43500000  -2.255884e-011 8.985515e-016 7.691405e-017 -6.719602e-015
         43600000  -2.260222e-011 8.936680e-016 5.615947e-017 -7.344682e-015
         43700000  -2.260202e-011 9.327355e-016 4.883432e-017 -6.407063e-015
         43800000  -2.242813e-011 9.327355e-016 6.104290e-018 -6.719602e-015
         43900000  -2.239433e-011 9.473858e-016 -2.685888e-017 -5.938253e-015
         44000000  -2.253676e-011 9.425024e-016 2.685888e-017 -6.563332e-015
         44100000  -2.256939e-011 9.278521e-016 5.738032e-017 -7.344682e-015
         44200000  -2.223020e-011 9.229686e-016 2.685888e-017 -7.813491e-015
         44300000  -2.225326e-011 9.229686e-016 -1.831287e-017 -7.188412e-015
         44400000  -2.254907e-011 9.376189e-016 7.325148e-018 -6.563332e-015
         44500000  -2.249827e-011 9.571526e-016 -1.953373e-017 -6.407063e-015
         44600000  -2.244513e-011 9.766864e-016 -3.662574e-017 -6.563332e-015
         44700000  -2.147113e-011 9.766864e-016 -1.037729e-016 -6.563332e-015
         44800000  -2.222591e-011 9.473858e-016 -6.104290e-017 -6.719602e-015
         44900000  -2.241230e-011 9.278521e-016 -2.807973e-017 -6.875872e-015
         45000000  -2.233767e-011 9.034349e-016 -7.325148e-018 -7.344682e-015
         45100000  -2.246701e-011 9.718029e-016 3.418402e-017 -6.094523e-015
         45200000  -2.237401e-011 9.718029e-016 -1.709201e-017 -6.250793e-015
         45300000  -2.232751e-011 9.522692e-016 -3.540488e-017 -6.875872e-015
         45400000  -2.242051e-011 9.766864e-016 -3.662574e-017 -7.032142e-015
         45500000  -2.241484e-011 9.669195e-016 -7.447234e-017 -7.032142e-015
         45600000  -2.228276e-011 9.571526e-016 -5.127603e-017 -7.500951e-015
         45700000  -2.256334e-011 9.815698e-016 -1.049938e-016 -7.344682e-015
         45800000  -2.215830e-011 9.718029e-016 -1.428404e-016 -8.438570e-015
         45900000  -2.232360e-011 9.571526e-016 -1.403987e-016 -8.751110e-015
         46000000  -2.245802e-011 9.327355e-016 -1.220858e-016 -9.219919e-015
         46100000  -2.234763e-011 9.327355e-016 -1.062146e-016 -9.688729e-015
         46200000  -2.235252e-011 9.180852e-016 -1.233067e-016 -1.000127e-014
         46300000  -2.217198e-011 9.571526e-016 -1.550490e-016 -9.376189e-015
         46400000  -2.235232e-011 9.571526e-016 -1.391778e-016 -9.063650e-015
         46500000  -2.282066e-011 9.669195e-016 -1.391778e-016 -8.907380e-015
         46600000  -2.236991e-011 1.001104e-015 -1.281901e-016 -7.657221e-015
         46700000  -2.216299e-011 1.010870e-015 -1.489447e-016 -9.063650e-015
         46800000  -2.222317e-011 9.815698e-016 -1.196441e-016 -9.688729e-015
         46900000  -2.228530e-011 9.864532e-016 -9.400606e-017 -8.751110e-015
         47000000  -2.226127e-011 9.864532e-016 -5.371775e-017 -8.126031e-015
         47100000  -2.240566e-011 1.001104e-015 -6.836805e-017 -7.969761e-015
         47200000  -2.288142e-011 9.962201e-016 -5.371775e-017 -8.282300e-015
         47300000  -2.225013e-011 1.010870e-015 -3.418402e-017 -7.969761e-015
         47400000  -2.235838e-011 1.030404e-015 -8.179748e-017 -7.500951e-015
         47500000  -2.227749e-011 1.010870e-015 -1.062146e-016 -9.063650e-015
         47600000  -2.237889e-011 9.962201e-016 -1.062146e-016 -8.751110e-015
         47700000  -2.245646e-011 1.005987e-015 -7.569319e-017 -8.594840e-015
         47800000  -2.230543e-011 1.005987e-015 -5.249689e-017 -8.594840e-015
         47900000  -2.246936e-011 1.025521e-015 -2.441716e-017 -9.688729e-015
         48000000  -2.220969e-011 1.005987e-015 -3.418402e-017 -1.015754e-014
         48100000  -2.215889e-011 1.005987e-015 -5.615947e-017 -9.688729e-015
         48200000  -2.236834e-011 9.913367e-016 -4.639260e-017 -1.047008e-014
         48300000  -2.268956e-011 1.005987e-015 -3.662574e-018 -1.093889e-014
         48400000  -2.236014e-011 1.005987e-015 -2.441716e-018 -1.078262e-014
         48500000  -2.217354e-011 9.718029e-016 1.342944e-017 -1.093889e-014
         48600000  -2.229918e-011 9.766864e-016 6.104290e-018 -1.125143e-014
         48700000  -2.226733e-011 9.376189e-016 3.540488e-017 -1.172024e-014
         48800000  -2.202622e-011 9.571526e-016 2.197544e-017 -1.140770e-014
         48900000  -2.228354e-011 9.473858e-016 2.319630e-017 -1.078262e-014
         49000000  -2.272824e-011 9.620361e-016 2.441716e-017 -1.109516e-014
         49100000  -2.226967e-011 9.718029e-016 2.319630e-017 -1.062635e-014
         49200000  -2.239023e-011 9.718029e-016 4.639260e-017 -1.078262e-014
         49300000  -2.219054e-011 9.620361e-016 5.738032e-017 -1.047008e-014
         49400000  -2.224623e-011 9.669195e-016 1.220858e-018 -1.093889e-014
         49500000  -2.218995e-011 9.473858e-016 6.104290e-018 -9.532459e-015
         49600000  -2.227768e-011 9.083183e-016 -1.098772e-017 -1.047008e-014
         49700000  -2.221770e-011 9.034349e-016 -5.005518e-017 -1.031381e-014
         49800000  -2.219132e-011 9.425024e-016 -5.371775e-017 -9.688729e-015
         49900000  -2.233767e-011 9.083183e-016 -6.836805e-017 -1.109516e-014
         50000000  -2.216162e-011 9.473858e-016 -1.257484e-016 -1.203278e-014
         50100000  -2.241172e-011 9.522692e-016 -1.074355e-016 -1.047008e-014
         50200000  -2.229566e-011 9.376189e-016 -1.013312e-016 -1.062635e-014
         50300000  -2.227124e-011 9.425024e-016 -1.172024e-016 -1.015754e-014
         50400000  -2.226459e-011 9.327355e-016 -8.546006e-017 -9.688729e-015
         50500000  -2.223548e-011 9.425024e-016 -3.784660e-017 -8.907380e-015
         50600000  -2.231715e-011 9.522692e-016 -4.883432e-018 -9.219919e-015
         50700000  -2.230699e-011 9.620361e-016 -4.150917e-017 -9.063650e-015
         50800000  -2.223548e-011 1.005987e-015 -4.150917e-017 -9.219919e-015
         50900000  -2.230445e-011 1.020637e-015 -6.836805e-017 -9.376189e-015
         51000000  -2.226948e-011 1.035288e-015 -5.615947e-017 -9.376189e-015
         51100000  -2.228452e-011 1.015754e-015 -9.400606e-017 -9.376189e-015
         51200000  -2.232106e-011 1.005987e-015 -1.245275e-016 -9.219919e-015
         51300000  -2.226401e-011 1.001104e-015 -1.428404e-016 -9.688729e-015
         51400000  -2.233220e-011 1.005987e-015 -8.057663e-017 -8.751110e-015
         51500000  -2.228061e-011 1.001104e-015 -9.156435e-017 -1.031381e-014
         51600000  -2.231793e-011 1.030404e-015 -7.447234e-017 -1.015754e-014
         51700000  -2.220187e-011 1.045054e-015 -8.668092e-017 -1.062635e-014
         51800000  -2.226264e-011 1.049938e-015 -4.028831e-017 -1.015754e-014
         51900000  -2.231735e-011 1.010870e-015 -4.883432e-017 -1.047008e-014
         52000000  -2.234665e-011 1.015754e-015 -9.766864e-018 -1.047008e-014
         52100000  -2.213368e-011 1.010870e-015 8.546006e-018 -1.031381e-014
         52200000  -2.246779e-011 1.015754e-015 3.540488e-017 -1.093889e-014
         52300000  -2.227925e-011 1.015754e-015 2.197544e-017 -1.140770e-014
         52400000  -2.232164e-011 1.030404e-015 -1.098772e-017 -1.187651e-014
         52500000  -2.220949e-011 1.030404e-015 -2.685888e-017 -1.156397e-014
         52600000  -2.232438e-011 1.015754e-015 -3.906746e-017 -1.265786e-014
         52700000  -2.234372e-011 1.054821e-015 -6.470547e-017 -1.203278e-014
         52800000  -2.225756e-011 1.089005e-015 -7.691405e-017 -1.156397e-014
         52900000  -2.139767e-011 1.069472e-015 -5.371775e-017 -1.187651e-014
         53000000  -2.230191e-011 1.098772e-015 -2.807973e-017 -1.187651e-014
         53100000  -2.237049e-011 1.128073e-015 -4.150917e-017 -1.047008e-014
         53200000  -2.233982e-011 1.128073e-015 -6.470547e-017 -1.093889e-014
         53300000  -2.227378e-011 1.128073e-015 -9.766864e-017 -1.156397e-014
         53400000  -2.226264e-011 1.123189e-015 -1.330735e-016 -1.172024e-014
         53500000  -2.234196e-011 1.108539e-015 -1.147606e-016 -1.203278e-014
         53600000  -2.241445e-011 1.142723e-015 -1.025521e-016 -1.125143e-014
         53700000  -2.234196e-011 1.108539e-015 -1.269692e-016 -1.125143e-014
         53800000  -2.236951e-011 1.089005e-015 -1.416195e-016 -1.156397e-014
         53900000  -2.232907e-011 1.049938e-015 -2.112084e-016 -1.250159e-014
         54000000  -2.222180e-011 1.054821e-015 -1.684784e-016 -1.187651e-014
         54100000  -2.234314e-011 1.069472e-015 -1.440612e-016 -1.093889e-014
         54200000  -2.235466e-011 1.089005e-015 -2.221962e-016 -1.047008e-014
         54300000  -2.196233e-011 1.089005e-015 -2.063250e-016 -9.844999e-015
         54400000  -2.261863e-011 1.084122e-015 -2.124293e-016 -9.376189e-015
         54500000  -2.233903e-011 1.118306e-015 -2.014416e-016 -7.969761e-015
         54600000  -2.234685e-011 1.113422e-015 -2.405090e-016 -9.063650e-015
         54700000  -2.235076e-011 1.123189e-015 -2.576010e-016 -1.000127e-014
         54800000  -2.214717e-011 1.142723e-015 -2.795765e-016 -1.015754e-014
         54900000  -2.233728e-011 1.152490e-015 -2.807973e-016 -1.078262e-014
         55000000  -2.233669e-011 1.118306e-015 -2.991102e-016 -1.109516e-014
         55100000  -2.231070e-011 1.152490e-015 -3.442819e-016 -1.078262e-014
         55200000  -2.234294e-011 1.137840e-015 -3.320734e-016 -1.109516e-014
         55300000  -2.225424e-011 1.157373e-015 -3.113188e-016 -1.015754e-014
         55400000  -2.264325e-011 1.142723e-015 -2.649262e-016 -1.047008e-014
         55500000  -2.233747e-011 1.123189e-015 -3.137605e-016 -1.109516e-014
         55600000  -2.239218e-011 1.089005e-015 -2.759139e-016 -1.093889e-014
         55700000  -2.242383e-011 1.084122e-015 -2.844599e-016 -1.062635e-014
         55800000  -2.222962e-011 1.084122e-015 -3.076562e-016 -1.172024e-014
         55900000  -2.233864e-011 1.108539e-015 -3.149814e-016 -1.187651e-014
         56000000  -2.231344e-011 1.108539e-015 -2.881225e-016 -1.218905e-014
         56100000  -2.236150e-011 1.137840e-015 -3.149814e-016 -1.218905e-014
         56200000  -2.238124e-011 1.176907e-015 -2.991102e-016 -1.218905e-014
         56300000  -2.279096e-011 1.176907e-015 -3.662574e-016 -1.328293e-014
         56400000  -2.237303e-011 1.181791e-015 -3.613740e-016 -1.328293e-014
         56500000  -2.239257e-011 1.191557e-015 -3.601531e-016 -1.359547e-014
         56600000  -2.235427e-011 1.186674e-015 -3.186439e-016 -1.375174e-014
         56700000  -2.234079e-011 1.181791e-015 -3.613740e-016 -1.531444e-014
         56800000  -2.220598e-011 1.215975e-015 -3.833494e-016 -1.484563e-014
         56900000  -2.305415e-011 1.215975e-015 -3.760243e-016 -1.515817e-014
         57000000  -2.232223e-011 1.215975e-015 -3.833494e-016 -1.406428e-014
         57100000  -2.233786e-011 1.186674e-015 -3.833494e-016 -1.468936e-014
         57200000  -2.235720e-011 1.206208e-015 -3.833494e-016 -1.468936e-014
         57300000  -2.215908e-011 1.181791e-015 -3.918954e-016 -1.422055e-014
         57400000  -2.231969e-011 1.172024e-015 -3.723617e-016 -1.468936e-014
         57500000  -2.231696e-011 1.201324e-015 -3.967788e-016 -1.484563e-014
         57600000  -2.236424e-011 1.235508e-015 -4.163126e-016 -1.422055e-014
         57700000  -2.205397e-011 1.225741e-015 -3.979997e-016 -1.437682e-014
         57800000  -2.212802e-011 1.215975e-015 -3.296317e-016 -1.453309e-014
         57900000  -2.230816e-011 1.215975e-015 -3.516071e-016 -1.468936e-014
         58000000  -2.229038e-011 1.201324e-015 -3.723617e-016 -1.531444e-014
         58100000  -2.232223e-011 1.172024e-015 -4.285211e-016 -1.593952e-014
         58200000  -2.228159e-011 1.176907e-015 -4.089874e-016 -1.547071e-014
         58300000  -2.199222e-011 1.172024e-015 -3.503862e-016 -1.609579e-014
         58400000  -2.233395e-011 1.157373e-015 -2.905642e-016 -1.484563e-014
         58500000  -2.230250e-011 1.172024e-015 -2.832390e-016 -1.406428e-014
         58600000  -2.233141e-011 1.152490e-015 -2.673679e-016 -1.328293e-014
         58700000  -2.227671e-011 1.142723e-015 -3.003311e-016 -1.328293e-014
         58800000  -2.223196e-011 1.142723e-015 -2.771348e-016 -1.453309e-014
         58900000  -2.231520e-011 1.118306e-015 -2.527176e-016 -1.437682e-014
         59000000  -2.227710e-011 1.132956e-015 -2.160919e-016 -1.453309e-014
         59100000  -2.229468e-011 1.162257e-015 -2.283004e-016 -1.500190e-014
         59200000  -2.232575e-011 1.147606e-015 -1.928956e-016 -1.500190e-014
         59300000  -2.203716e-011 1.162257e-015 -1.672575e-016 -1.500190e-014
         59400000  -2.233532e-011 1.137840e-015 -1.355152e-016 -1.500190e-014
         59500000  -2.218937e-011 1.137840e-015 -1.623741e-016 -1.468936e-014
         59600000  -2.232399e-011 1.118306e-015 -1.623741e-016 -1.484563e-014
         59700000  -2.234021e-011 1.132956e-015 -1.294109e-016 -1.500190e-014
         59800000  -2.196077e-011 1.132956e-015 -1.379570e-016 -1.468936e-014
         59900000  -2.232145e-011 1.074355e-015 -1.318527e-016 -1.547071e-014
         60000000  -2.230132e-011 1.098772e-015 -9.522692e-017 -1.453309e-014
         60100000  -2.233278e-011 1.108539e-015 -6.592633e-017 -1.328293e-014
         60200000  -2.226440e-011 1.132956e-015 -9.522692e-017 -1.328293e-014
         60300000  -2.196038e-011 1.132956e-015 -1.025521e-016 -1.297040e-014
         60400000  -2.223079e-011 1.132956e-015 -1.098772e-016 -1.375174e-014
         60500000  -2.231324e-011 1.108539e-015 -1.123189e-016 -1.500190e-014
         60600000  -2.226518e-011 1.128073e-015 -3.540488e-017 -1.343920e-014
         60700000  -2.234665e-011 1.098772e-015 -5.371775e-017 -1.375174e-014
         60800000  -2.191094e-011 1.089005e-015 -1.025521e-016 -1.437682e-014
         60900000  -2.229351e-011 1.118306e-015 -1.306318e-016 -1.422055e-014
         61000000  -2.230504e-011 1.147606e-015 -1.526072e-016 -1.343920e-014
         61100000  -2.231344e-011 1.132956e-015 -1.294109e-016 -1.297040e-014
         61200000  -2.234001e-011 1.152490e-015 -1.379570e-016 -1.234532e-014
         61300000  -2.193849e-011 1.137840e-015 -1.159815e-016 -1.297040e-014
         61400000  -2.222180e-011 1.152490e-015 -1.037729e-016 -1.218905e-014
         61500000  -2.230660e-011 1.157373e-015 -8.179748e-017 -1.218905e-014
         61600000  -2.234040e-011 1.142723e-015 -7.080976e-017 -1.203278e-014
         61700000  -2.234079e-011 1.128073e-015 -8.301834e-017 -1.218905e-014
         61800000  -2.197562e-011 1.089005e-015 -8.057663e-017 -1.203278e-014
         61900000  -2.231676e-011 1.128073e-015 -8.179748e-017 -1.234532e-014
         62000000  -2.231227e-011 1.118306e-015 -4.761346e-017 -1.218905e-014
         62100000  -2.232516e-011 1.118306e-015 -2.807973e-017 -1.312666e-014
         62200000  -2.236971e-011 1.157373e-015 -1.465030e-017 -1.281413e-014
         62300000  -2.216924e-011 1.142723e-015 4.883432e-018 -1.406428e-014
         62400000  -2.241133e-011 1.123189e-015 -9.766864e-018 -1.390801e-014
         62500000  -2.250746e-011 1.132956e-015 -2.319630e-017 -1.328293e-014
         62600000  -2.242285e-011 1.118306e-015 -4.517174e-017 -1.343920e-014
         62700000  -2.238866e-011 1.152490e-015 -4.273003e-017 -1.312666e-014
         62800000  -2.208288e-011 1.137840e-015 -1.465030e-017 -1.281413e-014
         62900000  -2.239316e-011 1.123189e-015 -2.930059e-017 -1.250159e-014
         63000000  -2.234568e-011 1.089005e-015 -1.587115e-017 -1.265786e-014
         63100000  -2.249691e-011 1.098772e-015 -7.325148e-018 -1.281413e-014
         63200000  -2.241543e-011 1.093889e-015 -6.348461e-017 -1.281413e-014
         63300000  -2.213896e-011 1.054821e-015 -5.493861e-017 -1.265786e-014
         63400000  -2.245470e-011 1.064588e-015 -8.057663e-017 -1.234532e-014
         63500000  -2.239316e-011 1.069472e-015 -1.416195e-016 -1.265786e-014
         63600000  -2.244943e-011 1.093889e-015 -1.587115e-016 -1.250159e-014
         63700000  -2.248616e-011 1.098772e-015 -1.538281e-016 -1.281413e-014
         63800000  -2.221692e-011 1.079238e-015 -1.660367e-016 -1.328293e-014
         63900000  -2.234665e-011 1.045054e-015 -1.745827e-016 -1.359547e-014
         64000000  -2.242774e-011 1.069472e-015 -2.002207e-016 -1.359547e-014
         64100000  -2.251820e-011 1.049938e-015 -1.977790e-016 -1.390801e-014
         64200000  -2.245509e-011 1.045054e-015 -2.051041e-016 -1.359547e-014
         64300000  -2.245802e-011 1.049938e-015 -2.246379e-016 -1.375174e-014
         64400000  -2.245392e-011 1.040171e-015 -2.014416e-016 -1.375174e-014
         64500000  -2.237303e-011 1.049938e-015 -1.623741e-016 -1.281413e-014
         64600000  -2.247033e-011 1.049938e-015 -1.342944e-016 -1.328293e-014
         64700000  -2.256412e-011 1.069472e-015 -1.721410e-016 -1.156397e-014
         64800000  -2.216084e-011 1.108539e-015 -2.014416e-016 -1.125143e-014
         64900000  -2.243575e-011 1.098772e-015 -1.440612e-016 -1.172024e-014
         65000000  -2.302034e-011 1.069472e-015 -1.233067e-016 -1.265786e-014
         65100000  -2.247971e-011 1.069472e-015 -1.025521e-016 -1.203278e-014
         65200000  -2.253090e-011 1.040171e-015 -1.172024e-016 -1.250159e-014
         65300000  -2.230934e-011 1.045054e-015 -1.330735e-016 -1.422055e-014
         65400000  -2.221360e-011 1.035288e-015 -1.257484e-016 -1.453309e-014
         65500000  -2.244825e-011 1.064588e-015 -1.147606e-016 -1.390801e-014
         65600000  -2.246193e-011 1.064588e-015 -1.123189e-016 -1.375174e-014
         65700000  -2.255494e-011 1.054821e-015 -1.074355e-016 -1.390801e-014
         65800000  -2.226186e-011 1.069472e-015 -1.367361e-016 -1.515817e-014
         65900000  -2.236502e-011 1.059705e-015 -1.233067e-016 -1.468936e-014
         66000000  -2.258268e-011 1.084122e-015 -1.281901e-016 -1.265786e-014
         66100000  -2.246428e-011 1.084122e-015 -1.037729e-016 -1.343920e-014
         66200000  -2.247502e-011 1.103656e-015 -7.325148e-017 -1.265786e-014
         66300000  -2.235506e-011 1.079238e-015 -4.150917e-017 -1.265786e-014
         66400000  -2.246174e-011 1.054821e-015 -7.203062e-017 -1.437682e-014
         66500000  -2.242500e-011 1.079238e-015 -6.714719e-017 -1.359547e-014
         66600000  -2.255982e-011 1.069472e-015 -4.639260e-017 -1.375174e-014
         66700000  -2.236619e-011 1.054821e-015 -5.493861e-017 -1.500190e-014
         66800000  -2.231442e-011 1.059705e-015 -2.075459e-017 -1.468936e-014
         66900000  -2.227260e-011 1.020637e-015 1.465030e-017 -1.468936e-014
         67000000  -2.240937e-011 1.025521e-015 3.784660e-017 -1.437682e-014
         67100000  -2.246955e-011 1.045054e-015 1.831287e-017 -1.547071e-014
         67200000  -2.213759e-011 1.074355e-015 -4.883432e-018 -1.484563e-014
         67300000  -2.237010e-011 1.054821e-015 -8.546006e-018 -1.593952e-014
         67400000  -2.233083e-011 1.025521e-015 9.766864e-018 -1.515817e-014
         67500000  -2.245040e-011 1.040171e-015 3.174231e-017 -1.547071e-014
         67600000  -2.250922e-011 1.020637e-015 -3.662574e-018 -1.593952e-014
         67700000  -2.248538e-011 1.001104e-015 1.220858e-018 -1.672087e-014
         67800000  -2.235310e-011 9.766864e-016 -9.766864e-018 -1.640833e-014
         67900000  -2.266533e-011 9.571526e-016 7.325148e-018 -1.656460e-014
         68000000  -2.243907e-011 9.278521e-016 -2.563802e-017 -1.734595e-014
         68100000  -2.247619e-011 8.985515e-016 -1.465030e-017 -1.922119e-014
         68200000  -2.246701e-011 9.132018e-016 -1.220858e-018 -1.859611e-014
         68300000  -2.231305e-011 9.278521e-016 7.325148e-018 -1.890865e-014
         68400000  -2.247580e-011 9.425024e-016 2.807973e-017 -1.812730e-014
         68500000  -2.225189e-011 9.766864e-016 -8.546006e-018 -1.687714e-014
         68600000  -2.248342e-011 1.001104e-015 -3.662574e-018 -1.640833e-014
         68700000  -2.245744e-011 1.001104e-015 2.563802e-017 -1.687714e-014
         68800000  -2.227378e-011 9.864532e-016 1.831287e-017 -1.672087e-014
         68900000  -2.250492e-011 1.015754e-015 -4.883432e-018 -1.578325e-014
         69000000  -2.239824e-011 1.020637e-015 -9.766864e-018 -1.640833e-014
         69100000  -2.243360e-011 1.005987e-015 -2.930059e-017 -1.640833e-014
         69200000  -2.241348e-011 9.913367e-016 -1.049938e-016 -1.687714e-014
         69300000  -2.231813e-011 1.005987e-015 -1.367361e-016 -1.672087e-014
         69400000  -2.247209e-011 1.020637e-015 -1.062146e-016 -1.609579e-014
         69500000  -2.242618e-011 1.015754e-015 -9.278521e-017 -1.500190e-014
         69600000  -2.251156e-011 1.010870e-015 -4.395089e-017 -1.359547e-014
         69700000  -2.244005e-011 1.001104e-015 -5.982204e-017 -1.359547e-014
         69800000  -2.230953e-011 1.015754e-015 -6.958890e-017 -1.406428e-014
         69900000  -2.241055e-011 9.913367e-016 -5.615947e-017 -1.453309e-014
         70000000  -2.239999e-011 9.815698e-016 -6.104290e-017 -1.406428e-014
         70100000  -2.240273e-011 9.571526e-016 -1.025521e-016 -1.437682e-014
         70200000  -2.239003e-011 9.473858e-016 -9.766864e-017 -1.453309e-014
         70300000  -2.222278e-011 9.522692e-016 -1.062146e-016 -1.359547e-014
         70400000  -2.237967e-011 9.620361e-016 -1.220858e-016 -1.406428e-014
         70500000  -2.245119e-011 9.620361e-016 -9.156435e-017 -1.406428e-014
         70600000  -2.241563e-011 9.718029e-016 -7.813491e-017 -1.390801e-014
         70700000  -2.239570e-011 9.522692e-016 -8.546006e-017 -1.406428e-014
         70800000  -2.225814e-011 9.473858e-016 -7.935577e-017 -1.468936e-014
         70900000  -2.242657e-011 9.669195e-016 -1.367361e-016 -1.422055e-014
         71000000  -2.240898e-011 9.815698e-016 -1.489447e-016 -1.328293e-014
         71100000  -2.241348e-011 9.766864e-016 -9.278521e-017 -1.250159e-014
         71200000  -2.242325e-011 9.766864e-016 -1.001104e-016 -1.359547e-014
         71300000  -2.223724e-011 9.620361e-016 -3.906746e-017 -1.343920e-014
         71400000  -2.240703e-011 1.010870e-015 1.220858e-017 -1.218905e-014
         71500000  -2.239960e-011 1.001104e-015 1.098772e-017 -1.203278e-014
         71600000  -2.242344e-011 1.005987e-015 -6.104290e-018 -1.093889e-014
         71700000  -2.242715e-011 9.864532e-016 4.883432e-018 -1.156397e-014
         71800000  -2.250804e-011 1.015754e-015 3.174231e-017 -1.109516e-014
         71900000  -2.242930e-011 1.040171e-015 2.075459e-017 -1.125143e-014
         72000000  -2.234744e-011 1.045054e-015 3.784660e-017 -1.015754e-014
         72100000  -2.244357e-011 1.045054e-015 5.005518e-017 -9.844999e-015
         72200000  -2.249612e-011 1.059705e-015 1.025521e-016 -9.688729e-015
         72300000  -2.222630e-011 1.064588e-015 7.935577e-017 -9.844999e-015
         72400000  -2.247522e-011 1.069472e-015 5.982204e-017 -1.109516e-014
         72500000  -2.242012e-011 1.084122e-015 4.395089e-017 -1.015754e-014
         72600000  -2.243145e-011 1.059705e-015 2.319630e-017 -1.062635e-014
         72700000  -2.246213e-011 1.030404e-015 1.098772e-017 -1.156397e-014
         72800000  -2.220813e-011 9.962201e-016 4.517174e-017 -1.125143e-014
         72900000  -2.243575e-011 9.864532e-016 7.325148e-017 -1.172024e-014
         73000000  -2.242774e-011 9.815698e-016 1.086564e-016 -1.187651e-014
         73100000  -2.247737e-011 9.718029e-016 9.278521e-017 -1.187651e-014
         73200000  -2.244278e-011 9.766864e-016 9.278521e-017 -1.125143e-014
         73300000  -2.219347e-011 9.815698e-016 8.179748e-017 -1.172024e-014
         73400000  -2.247326e-011 9.718029e-016 1.049938e-016 -1.093889e-014
         73500000  -2.242461e-011 9.766864e-016 1.257484e-016 -1.109516e-014
         73600000  -2.247326e-011 9.522692e-016 1.513864e-016 -1.093889e-014
         73700000  -2.245040e-011 9.425024e-016 1.904538e-016 -1.203278e-014
         73800000  -2.213701e-011 9.180852e-016 2.124293e-016 -1.218905e-014
         73900000  -2.254692e-011 8.790177e-016 2.026624e-016 -1.281413e-014
         74000000  -2.241738e-011 8.643674e-016 2.148710e-016 -1.343920e-014
         74100000  -2.239062e-011 8.741343e-016 2.051041e-016 -1.422055e-014
         74200000  -2.243849e-011 8.741343e-016 1.867913e-016 -1.437682e-014
         74300000  -2.212118e-011 8.643674e-016 1.892330e-016 -1.422055e-014
         74400000  -2.238690e-011 8.936680e-016 1.696993e-016 -1.375174e-014
         74500000  -2.243790e-011 8.692509e-016 2.051041e-016 -1.484563e-014
         74600000  -2.241035e-011 8.594840e-016 1.562698e-016 -1.609579e-014
         74700000  -2.243301e-011 8.399503e-016 1.440612e-016 -1.640833e-014
         74800000  -2.202739e-011 8.399503e-016 2.087667e-016 -1.734595e-014
         74900000  -2.253129e-011 8.546006e-016 1.843496e-016 -1.687714e-014
         75000000  -2.237284e-011 9.083183e-016 1.611533e-016 -1.562698e-014
         75100000  -2.242618e-011 9.278521e-016 1.635950e-016 -1.515817e-014
         75200000  -2.311237e-011 9.620361e-016 1.745827e-016 -1.562698e-014
         75300000  -2.199047e-011 9.962201e-016 1.611533e-016 -1.531444e-014
         75400000  -2.243907e-011 1.010870e-015 1.574907e-016 -1.422055e-014
         75500000  -2.233688e-011 9.962201e-016 1.648158e-016 -1.453309e-014
         75600000  -2.259167e-011 9.962201e-016 1.599324e-016 -1.375174e-014
         75700000  -2.223392e-011 9.913367e-016 1.318527e-016 -1.437682e-014
         75800000  -2.194631e-011 9.913367e-016 1.562698e-016 -1.437682e-014
         75900000  -2.244357e-011 1.035288e-015 1.391778e-016 -1.359547e-014
         76000000  -2.243262e-011 1.015754e-015 8.790177e-017 -1.422055e-014
         76100000  -2.243047e-011 1.020637e-015 5.860118e-017 -1.437682e-014
         76200000  -2.244611e-011 1.025521e-015 6.592633e-017 -1.422055e-014
         76300000  -2.178160e-011 1.015754e-015 8.057663e-017 -1.453309e-014
         76400000  -2.244884e-011 1.035288e-015 1.147606e-016 -1.406428e-014
         76500000  -2.242735e-011 1.025521e-015 1.184232e-016 -1.531444e-014
         76600000  -2.203677e-011 1.035288e-015 1.074355e-016 -1.515817e-014
         76700000  -2.244415e-011 1.040171e-015 6.348461e-017 -1.547071e-014
         76800000  -2.169680e-011 1.049938e-015 7.569319e-017 -1.406428e-014
         76900000  -2.244142e-011 1.045054e-015 8.301834e-017 -1.390801e-014
         77000000  -2.242559e-011 1.030404e-015 8.668092e-017 -1.312666e-014
         77100000  -2.237655e-011 1.025521e-015 2.441716e-017 -1.375174e-014
         77200000  -2.244943e-011 1.054821e-015 3.540488e-017 -1.297040e-014
         77300000  -2.182185e-011 1.079238e-015 -8.546006e-018 -1.172024e-014
         77400000  -2.244142e-011 1.079238e-015 3.784660e-017 -1.203278e-014
         77500000  -2.243223e-011 1.074355e-015 2.685888e-017 -1.312666e-014
         77600000  -2.285270e-011 1.079238e-015 4.761346e-017 -1.343920e-014
         77700000  -2.243438e-011 1.069472e-015 7.569319e-017 -1.390801e-014
         77800000  -2.158973e-011 1.093889e-015 2.319630e-017 -1.375174e-014
         77900000  -2.188652e-011 1.108539e-015 3.540488e-017 -1.437682e-014
         78000000  -2.238866e-011 1.113422e-015 8.546006e-018 -1.453309e-014
         78100000  -2.242735e-011 1.089005e-015 -5.982204e-017 -1.547071e-014
         78200000  -2.245314e-011 1.093889e-015 -2.930059e-017 -1.515817e-014
         78300000  -2.168078e-011 1.128073e-015 -4.517174e-017 -1.531444e-014
         78400000  -2.243262e-011 1.123189e-015 -8.301834e-017 -1.640833e-014
         78500000  -2.242813e-011 1.123189e-015 -1.184232e-016 -1.531444e-014
         78600000  -2.251176e-011 1.108539e-015 -1.770244e-016 -1.531444e-014
         78700000  -2.239785e-011 1.113422e-015 -2.209753e-016 -1.625206e-014
         78800000  -2.160126e-011 1.103656e-015 -2.026624e-016 -1.593952e-014
         78900000  -2.295118e-011 1.113422e-015 -2.319630e-016 -1.609579e-014
         79000000  -2.244142e-011 1.118306e-015 -2.490550e-016 -1.609579e-014
         79100000  -2.242579e-011 1.123189e-015 -2.429507e-016 -1.640833e-014
         79200000  -2.246838e-011 1.128073e-015 -2.160919e-016 -1.468936e-014
         79300000  -2.176909e-011 1.147606e-015 -2.319630e-016 -1.406428e-014
         79400000  -2.245998e-011 1.113422e-015 -2.405090e-016 -1.390801e-014
         79500000  -2.244786e-011 1.089005e-015 -2.722513e-016 -1.515817e-014
         79600000  -2.233278e-011 1.093889e-015 -2.673679e-016 -1.453309e-014
         79700000  -2.245451e-011 1.098772e-015 -2.698096e-016 -1.515817e-014
         79800000  -2.177417e-011 1.103656e-015 -2.600427e-016 -1.453309e-014
         79900000  -2.248303e-011 1.098772e-015 -2.344047e-016 -1.375174e-014
         80000000  -2.242051e-011 1.132956e-015 -2.283004e-016 -1.406428e-014
         80100000  -2.246584e-011 1.147606e-015 -2.331839e-016 -1.343920e-014
         80200000  -2.264091e-011 1.132956e-015 -1.916747e-016 -1.343920e-014
         80300000  -2.178883e-011 1.147606e-015 -1.904538e-016 -1.343920e-014
         80400000  -2.246506e-011 1.113422e-015 -1.965581e-016 -1.359547e-014
         80500000  -2.245001e-011 1.089005e-015 -1.403987e-016 -1.375174e-014
         80600000  -2.256705e-011 1.074355e-015 -1.330735e-016 -1.390801e-014
         80700000  -2.249026e-011 1.079238e-015 -1.013312e-016 -1.312666e-014
         80800000  -2.211551e-011 1.098772e-015 -1.062146e-016 -1.343920e-014
         80900000  -2.245431e-011 1.103656e-015 -9.888950e-017 -1.265786e-014
         81000000  -2.245001e-011 1.098772e-015 -8.179748e-017 -1.281413e-014
         81100000  -2.249202e-011 1.113422e-015 -9.766864e-017 -1.297040e-014
         81200000  -2.250159e-011 1.157373e-015 -1.013312e-016 -1.187651e-014
         81300000  -2.194181e-011 1.172024e-015 -1.159815e-016 -1.187651e-014
         81400000  -2.247698e-011 1.172024e-015 -1.355152e-016 -1.281413e-014
         81500000  -2.223353e-011 1.196441e-015 -1.599324e-016 -1.203278e-014
         81600000  -2.223822e-011 1.196441e-015 -1.086564e-016 -1.250159e-014
         81700000  -2.248264e-011 1.211091e-015 -1.465030e-016 -1.187651e-014
         81800000  -2.199906e-011 1.211091e-015 -1.196441e-016 -1.187651e-014
         81900000  -2.247365e-011 1.191557e-015 -1.135398e-016 -1.203278e-014
         82000000  -2.246095e-011 1.181791e-015 -9.522692e-017 -1.156397e-014
         82100000  -2.255708e-011 1.181791e-015 -1.257484e-016 -1.156397e-014
         82200000  -2.246095e-011 1.167140e-015 -9.766864e-017 -1.203278e-014
         82300000  -2.209930e-011 1.167140e-015 -9.156435e-017 -1.187651e-014
         82400000  -2.248186e-011 1.137840e-015 -8.668092e-017 -1.187651e-014
         82500000  -2.242012e-011 1.128073e-015 -4.639260e-017 -1.297040e-014
         82600000  -2.253813e-011 1.176907e-015 -1.831287e-017 -1.172024e-014
         82700000  -2.244708e-011 1.167140e-015 -1.465030e-017 -1.156397e-014
         82800000  -2.210594e-011 1.176907e-015 -1.831287e-017 -1.109516e-014
         82900000  -2.248127e-011 1.167140e-015 -5.371775e-017 -1.140770e-014
         83000000  -2.247405e-011 1.181791e-015 -3.662574e-017 -1.140770e-014
         83100000  -2.247502e-011 1.186674e-015 -2.441716e-017 -1.125143e-014
         83200000  -2.248635e-011 1.191557e-015 -3.662574e-018 -9.844999e-015
         83300000  -2.216944e-011 1.235508e-015 -6.348461e-017 -9.219919e-015
         83400000  -2.251644e-011 1.220858e-015 -5.982204e-017 -9.688729e-015
         83500000  -2.246603e-011 1.230625e-015 -7.080976e-017 -1.000127e-014
         83600000  -2.249515e-011 1.225741e-015 -6.470547e-017 -1.031381e-014
         83700000  -2.249964e-011 1.235508e-015 -9.522692e-017 -9.376189e-015
         83800000  -2.203951e-011 1.259925e-015 -1.928956e-016 -1.015754e-014
         83900000  -2.250433e-011 1.245275e-015 -2.112084e-016 -1.062635e-014
         84000000  -2.249495e-011 1.255042e-015 -3.027728e-016 -1.047008e-014
         84100000  -2.240918e-011 1.255042e-015 -3.650365e-016 -1.015754e-014
         84200000  -2.250003e-011 1.250159e-015 -3.760243e-016 -1.062635e-014
         84300000  -2.219777e-011 1.245275e-015 -3.723617e-016 -1.047008e-014
         84400000  -2.249593e-011 1.259925e-015 -3.369568e-016 -1.062635e-014
         84500000  -2.250101e-011 1.259925e-015 -3.418402e-016 -9.532459e-015
         84600000  -2.248538e-011 1.264809e-015 -3.393985e-016 -9.688729e-015
         84700000  -2.249534e-011 1.284343e-015 -3.186439e-016 -1.078262e-014
         84800000  -2.225697e-011 1.313643e-015 -2.942268e-016 -1.000127e-014
         84900000  -2.251234e-011 1.323410e-015 -2.710305e-016 -1.062635e-014
         85000000  -2.258366e-011 1.342944e-015 -2.942268e-016 -1.093889e-014
         85100000  -2.251547e-011 1.338060e-015 -2.832390e-016 -1.172024e-014
         85200000  -2.253442e-011 1.342944e-015 -2.856808e-016 -1.156397e-014
         85300000  -2.221399e-011 1.342944e-015 -3.210856e-016 -1.093889e-014
         85400000  -2.245587e-011 1.328293e-015 -3.271899e-016 -1.125143e-014
         85500000  -2.250023e-011 1.318527e-015 -3.589322e-016 -1.172024e-014
         85600000  -2.300432e-011 1.303876e-015 -3.528280e-016 -1.172024e-014
         85700000  -2.250374e-011 1.333177e-015 -3.625948e-016 -1.218905e-014
         85800000  -2.224173e-011 1.289226e-015 -3.967788e-016 -1.265786e-014
         85900000  -2.251566e-011 1.279459e-015 -3.711408e-016 -1.312666e-014
         86000000  -2.254790e-011 1.284343e-015 -4.053248e-016 -1.250159e-014
         86100000  -2.246291e-011 1.318527e-015 -4.346254e-016 -1.156397e-014
         86200000  -2.251957e-011 1.323410e-015 -4.492757e-016 -1.109516e-014
         86300000  -2.223802e-011 1.333177e-015 -4.639260e-016 -1.093889e-014
         86400000  -2.250726e-011 1.352711e-015 -4.956683e-016 -1.078262e-014
         86500000  -2.252055e-011 1.367361e-015 -4.627052e-016 -1.078262e-014
         86600000  -2.251938e-011 1.318527e-015 -4.590426e-016 -1.172024e-014
         86700000  -2.235232e-011 1.323410e-015 -4.859015e-016 -1.203278e-014
         86800000  -2.225756e-011 1.328293e-015 -4.566009e-016 -1.312666e-014
         86900000  -2.337008e-011 1.323410e-015 -4.883432e-016 -1.406428e-014
         87000000  -2.240976e-011 1.318527e-015 -4.797972e-016 -1.343920e-014
         87100000  -2.256510e-011 1.313643e-015 -4.785763e-016 -1.328293e-014
         87200000  -2.249456e-011 1.289226e-015 -4.419506e-016 -1.343920e-014
         87300000  -2.150356e-011 1.284343e-015 -4.211960e-016 -1.312666e-014
         87400000  -2.232028e-011 1.313643e-015 -4.407297e-016 -1.281413e-014
         87500000  -2.250922e-011 1.328293e-015 -3.906746e-016 -1.156397e-014
         87600000  -2.249827e-011 1.323410e-015 -3.467237e-016 -1.078262e-014
         87700000  -2.253383e-011 1.342944e-015 -3.540488e-016 -9.844999e-015
         87800000  -2.226401e-011 1.396662e-015 -3.625948e-016 -9.219919e-015
         87900000  -2.253364e-011 1.357594e-015 -3.833494e-016 -9.688729e-015
         88000000  -2.253696e-011 1.352711e-015 -4.077666e-016 -1.000127e-014
         88100000  -2.252739e-011 1.382011e-015 -4.370672e-016 -9.844999e-015
         88200000  -2.268975e-011 1.342944e-015 -4.089874e-016 -1.000127e-014
         88300000  -2.225033e-011 1.362477e-015 -4.016623e-016 -9.688729e-015
         88400000  -2.265790e-011 1.357594e-015 -4.187543e-016 -1.000127e-014
         88500000  -2.253540e-011 1.342944e-015 -3.931163e-016 -9.063650e-015
         88600000  -2.251117e-011 1.328293e-015 -4.041040e-016 -9.376189e-015
         88700000  -2.253442e-011 1.318527e-015 -4.468340e-016 -8.751110e-015
         88800000  -2.224408e-011 1.338060e-015 -4.590426e-016 -9.063650e-015
         88900000  -2.252758e-011 1.328293e-015 -4.566009e-016 -9.063650e-015
         89000000  -2.237088e-011 1.323410e-015 -4.456132e-016 -9.532459e-015
         89100000  -2.257252e-011 1.308760e-015 -4.346254e-016 -8.751110e-015
         89200000  -2.255415e-011 1.308760e-015 -4.529383e-016 -7.813491e-015
         89300000  -2.198968e-011 1.318527e-015 -4.627052e-016 -7.657221e-015
         89400000  -2.256314e-011 1.333177e-015 -4.822389e-016 -7.813491e-015
         89500000  -2.273625e-011 1.298993e-015 -4.749138e-016 -8.438570e-015
         89600000  -2.254829e-011 1.318527e-015 -4.443923e-016 -8.438570e-015
         89700000  -2.255318e-011 1.294109e-015 -4.419506e-016 -9.063650e-015
         89800000  -2.221868e-011 1.284343e-015 -4.395089e-016 -1.031381e-014
         89900000  -2.291757e-011 1.294109e-015 -3.955580e-016 -9.688729e-015
         90000000  -2.255708e-011 1.323410e-015 -3.748034e-016 -8.907380e-015
         90100000  -2.257037e-011 1.294109e-015 -3.442819e-016 -9.844999e-015
         90200000  -2.247991e-011 1.289226e-015 -3.381777e-016 -1.093889e-014
         90300000  -2.141779e-011 1.289226e-015 -3.650365e-016 -1.156397e-014
         90400000  -2.256392e-011 1.289226e-015 -3.540488e-016 -1.218905e-014
         90500000  -2.234196e-011 1.274576e-015 -3.223065e-016 -1.187651e-014
         90600000  -2.256724e-011 1.289226e-015 -3.784660e-016 -1.156397e-014
         90700000  -2.255728e-011 1.274576e-015 -3.552697e-016 -1.203278e-014
         90800000  -2.218077e-011 1.269692e-015 -3.210856e-016 -1.218905e-014
         90900000  -2.141447e-011 1.284343e-015 -2.930059e-016 -1.172024e-014
         91000000  -2.254946e-011 1.264809e-015 -3.125396e-016 -1.218905e-014
         91100000  -2.252973e-011 1.225741e-015 -2.942268e-016 -1.250159e-014
         91200000  -2.251547e-011 1.230625e-015 -3.027728e-016 -1.343920e-014
         91300000  -2.212509e-011 1.201324e-015 -2.746930e-016 -1.390801e-014
         91400000  -2.259069e-011 1.191557e-015 -2.490550e-016 -1.390801e-014
         91500000  -2.254263e-011 1.181791e-015 -2.429507e-016 -1.468936e-014
         91600000  -2.257369e-011 1.196441e-015 -2.881225e-016 -1.547071e-014
         91700000  -2.253813e-011 1.181791e-015 -2.734722e-016 -1.609579e-014
         91800000  -2.198206e-011 1.172024e-015 -2.612636e-016 -1.515817e-014
         91900000  -2.255748e-011 1.157373e-015 -2.295213e-016 -1.531444e-014
         92000000  -2.262332e-011 1.152490e-015 -1.928956e-016 -1.468936e-014
         92100000  -2.254165e-011 1.167140e-015 -1.819078e-016 -1.484563e-014
         92200000  -2.255044e-011 1.162257e-015 -1.916747e-016 -1.500190e-014
         92300000  -2.198167e-011 1.118306e-015 -1.880121e-016 -1.578325e-014
         92400000  -2.252426e-011 1.123189e-015 -1.709201e-016 -1.562698e-014
         92500000  -2.254145e-011 1.118306e-015 -1.928956e-016 -1.547071e-014
         92600000  -2.253051e-011 1.103656e-015 -1.330735e-016 -1.578325e-014
         92700000  -2.259401e-011 1.128073e-015 -1.147606e-016 -1.547071e-014
         92800000  -2.197796e-011 1.147606e-015 -8.790177e-017 -1.437682e-014
         92900000  -2.246779e-011 1.167140e-015 -7.203062e-017 -1.453309e-014
         93000000  -2.275130e-011 1.147606e-015 -6.104290e-017 -1.500190e-014
         93100000  -2.253911e-011 1.162257e-015 -6.470547e-017 -1.531444e-014
         93200000  -2.254380e-011 1.162257e-015 -9.400606e-017 -1.625206e-014
         93300000  -2.192071e-011 1.162257e-015 -7.691405e-017 -1.625206e-014
         93400000  -2.254575e-011 1.137840e-015 -4.883432e-017 -1.640833e-014
         93500000  -2.254341e-011 1.162257e-015 -6.592633e-017 -1.640833e-014
         93600000  -2.254575e-011 1.157373e-015 -5.860118e-017 -1.640833e-014
         93700000  -2.256158e-011 1.157373e-015 -4.028831e-017 -1.578325e-014
         93800000  -2.182302e-011 1.176907e-015 -3.662574e-017 -1.640833e-014
         93900000  -2.256588e-011 1.181791e-015 -3.296317e-017 -1.593952e-014
         94000000  -2.256842e-011 1.176907e-015 -3.906746e-017 -1.547071e-014
         94100000  -2.260105e-011 1.167140e-015 -6.348461e-017 -1.593952e-014
         94200000  -2.271417e-011 1.186674e-015 -2.441716e-017 -1.640833e-014
         94300000  -2.168273e-011 1.196441e-015 -5.371775e-017 -1.625206e-014
         94400000  -2.246525e-011 1.191557e-015 -1.220858e-017 -1.640833e-014
         94500000  -2.263895e-011 1.176907e-015 2.441716e-018 -1.656460e-014
         94600000  -2.265751e-011 1.186674e-015 2.197544e-017 -1.625206e-014
         94700000  -2.252328e-011 1.162257e-015 5.005518e-017 -1.765849e-014
         94800000  -2.195842e-011 1.137840e-015 9.278521e-017 -1.734595e-014
         94900000  -2.258170e-011 1.123189e-015 8.668092e-017 -1.640833e-014
         95000000  -2.242891e-011 1.128073e-015 4.883432e-018 -1.672087e-014
         95100000  -2.252641e-011 1.142723e-015 4.273003e-017 -1.609579e-014
         95200000  -2.265556e-011 1.132956e-015 5.982204e-017 -1.562698e-014
         95300000  -2.146820e-011 1.147606e-015 7.325148e-017 -1.547071e-014
         95400000  -2.259948e-011 1.142723e-015 5.615947e-017 -1.593952e-014
         95500000  -2.258327e-011 1.142723e-015 4.761346e-017 -1.609579e-014
         95600000  -2.257545e-011 1.137840e-015 6.592633e-017 -1.656460e-014
         95700000  -2.284508e-011 1.118306e-015 9.400606e-017 -1.672087e-014
         95800000  -2.155769e-011 1.128073e-015 1.049938e-016 -1.562698e-014
         95900000  -2.053719e-011 1.147606e-015 6.714719e-017 -1.547071e-014
         96000000  -2.257467e-011 1.123189e-015 8.057663e-017 -1.593952e-014
         96100000  -2.252055e-011 1.132956e-015 8.546006e-017 -1.562698e-014
         96200000  -2.254302e-011 1.137840e-015 4.761346e-017 -1.593952e-014
         96300000  -2.136953e-011 1.137840e-015 3.784660e-017 -1.656460e-014
         96400000  -2.259538e-011 1.118306e-015 1.709201e-017 -1.656460e-014
         96500000  -2.357758e-011 1.123189e-015 4.761346e-017 -1.625206e-014
         96600000  -2.251938e-011 1.132956e-015 1.318527e-016 -1.672087e-014
         96700000  -2.261238e-011 1.079238e-015 1.623741e-016 -1.718968e-014
         96800000  -2.149165e-011 1.093889e-015 1.989998e-016 -1.687714e-014
         96900000  -2.255728e-011 1.108539e-015 2.124293e-016 -1.656460e-014
         97000000  -2.249065e-011 1.074355e-015 1.758035e-016 -1.828357e-014
         97100000  -2.259538e-011 1.049938e-015 1.513864e-016 -1.859611e-014
         97200000  -2.287615e-011 1.059705e-015 9.034349e-017 -1.859611e-014
         97300000  -2.155437e-011 1.049938e-015 1.294109e-016 -1.922119e-014
         97400000  -2.250472e-011 1.054821e-015 5.738032e-017 -1.890865e-014
         97500000  -2.252465e-011 1.049938e-015 9.766864e-017 -1.953373e-014
         97600000  -2.251332e-011 1.030404e-015 1.172024e-016 -1.922119e-014
         97700000  -2.253618e-011 1.035288e-015 1.049938e-016 -1.797103e-014
         97800000  -2.224544e-011 1.045054e-015 9.766864e-017 -1.843984e-014
         97900000  -2.252582e-011 1.069472e-015 1.233067e-016 -1.890865e-014
         98000000  -2.257975e-011 1.040171e-015 1.294109e-016 -1.906492e-014
         98100000  -2.255689e-011 1.015754e-015 1.831287e-016 -1.937746e-014
         98200000  -2.263407e-011 1.035288e-015 1.623741e-016 -1.984627e-014
         98300000  -2.171908e-011 1.035288e-015 1.928956e-016 -1.937746e-014
         98400000  -2.255630e-011 1.010870e-015 1.806870e-016 -2.000254e-014
         98500000  -2.252250e-011 1.020637e-015 1.745827e-016 -1.984627e-014
         98600000  -2.252172e-011 1.015754e-015 1.916747e-016 -2.031508e-014
         98700000  -2.274954e-011 1.020637e-015 1.867913e-016 -2.062762e-014
         98800000  -2.168078e-011 1.040171e-015 1.843496e-016 -2.047135e-014
         98900000  -2.256138e-011 1.001104e-015 1.648158e-016 -2.125270e-014
         99000000  -2.244298e-011 9.815698e-016 1.379570e-016 -2.219031e-014
         99100000  -2.252113e-011 9.913367e-016 1.147606e-016 -2.125270e-014
         99200000  -2.253442e-011 1.020637e-015 1.233067e-016 -2.062762e-014
         99300000  -2.186640e-011 1.005987e-015 1.257484e-016 -2.109643e-014
         99400000  -2.250531e-011 9.864532e-016 1.379570e-016 -2.109643e-014
         99500000  -2.270480e-011 1.001104e-015 1.074355e-016 -2.047135e-014
         99600000  -2.248987e-011 1.005987e-015 1.001104e-016 -2.125270e-014
         99700000  -2.239355e-011 9.718029e-016 9.278521e-017 -2.109643e-014
         99800000  -2.191544e-011 9.327355e-016 1.159815e-016 -2.265912e-014
         99900000  -2.240449e-011 9.718029e-016 9.522692e-017 -2.187777e-014
        100000000  -2.253794e-011 9.718029e-016 8.057663e-017 -2.297166e-014
