462639 201 3 39.476926421373008 63241.077088070931 1
0 0.01 20000000 4 20
0  7  8  9  
#
# HNBody body-specific file (Bodycentric coordinates).
#
# Line 3 encodes the data type for each column as follows:
#
#  0-Time (= Epoch)  1-x1 2-x2 3-x3   4-v1 5-v2 6-v3
#  7-SemiMajorAxis   8-Eccentricity   9-Inclination
# 10-LongAscendNode 11-ArgPeriapse   12-LongPeriapse
# 13-TimePeriapse   14-PeriDistance  15-MeanAnomaly
# 16-TrueAnomaly    17-MeanLongitude 18-TrueLongitude
# 19-MeanLatitude   20-TrueLatitude  21-Mass
# 22-EncRadius      23-CaptRadius    24-IdTag
# 25-JacIndex
#
 0  1.0169999999999995  0.016710218999999804  9.8055282270950469e-019
 200000  1.0168620707843077  0.022739905646980599  2.8214212061077917
 400000  1.0168661170806448  0.020759509497321221  2.5508599535843919
 600000  1.0169394783052323  0.016930610707608703  0.68852472060974657
 800000  1.0169370361286443  0.022847921042931908  2.2826520301497233
 1000000  1.0169782260410547  0.027343216321196559  0.96509238649601958
 1200000  1.0168383999265791  0.037973398463407179  2.1607091545928943
 1400000  1.0170441439392632  0.038694692666477605  3.3811091755423925
 1600000  1.0170212190136565  0.031287129585063737  0.98841863481570047
 1800000  1.0168997994957159  0.022968680732773698  3.3167557458663754
 2000000  1.0169296888879618  0.016502194205997165  3.1111133619548608
 2200000  1.0168717378166532  0.0081664609117698145  2.1185951533427572
 2400000  1.016919716025046  0.040931726237728283  1.2152644837696469
 2600000  1.0168797559638996  0.014442946294450552  2.9459287838865862
 2800000  1.0168265574279314  0.023010987229913581  2.4292482223447651
 3000000  1.0168742655138077  0.025654692105528086  2.0860637600703886
 3200000  1.016830534418288  0.021998609496589959  0.51729956605257787
 3400000  1.0169424616802434  0.010543425014939206  1.072669407290274
 3600000  1.0168757919427773  0.0099502132045410398  1.4066374977809448
 3800000  1.0168886732923246  0.017559560326817068  0.35315865296746413
 4000000  1.0169050978940097  0.022617062179533388  1.6586599336025631
 4200000  1.0167759636642508  0.031960411031447998  2.8251509166222624
 4400000  1.0168601422337868  0.021195125997019101  3.4610773023343269
 4600000  1.0169160856504862  0.0069443219597347221  0.22136150835056462
 4800000  1.0170153357237055  0.020295589989743092  2.6238020787955936
 5000000  1.0168666918558007  0.016059339013640598  1.493385384460084
 5200000  1.0169495344647541  0.027514880850694874  3.6275573586649652
 5400000  1.0170136066073636  0.015365223982152797  0.52753262254279543
 5600000  1.0169018332005133  0.030689054333596418  3.0839658342163681
 5800000  1.0169617466962442  0.032759146131071025  3.484512398523349
 6000000  1.0168944090550711  0.016685217271271806  0.90701053087516881
 6200000  1.0168289848446654  0.0051488738760677045  2.9304725097363913
 6400000  1.0170223597030137  0.030198734965254416  3.298211942998881
 6600000  1.0169232490336557  0.011764091294892937  0.86682880343141155
 6800000  1.0170170453099889  0.010396440634889974  1.9196327068655561
 7000000  1.016874752788693  0.022775650453093339  2.8841465255410457
 7200000  1.0168965920759565  0.025781155918743495  0.47079907796410575
 7400000  1.0170622057675691  0.036979877746497594  2.3414924078907595
 7600000  1.0170775058089145  0.033594152091632169  0.68650815872416171
 7800000  1.0168833476635828  0.0080063975349877418  1.4666783247290067
 8000000  1.0170254350476704  0.026857162554014737  2.4070127150626548
 8200000  1.016896462917771  0.02332318797520919  3.2067680632412929
 8400000  1.0168651183265938  0.0091091071186969186  0.40109930864972315
 8600000  1.0171366389952869  0.051586897548853629  2.4430372476899134
 8800000  1.0168585604207074  0.015228980537272037  1.7523476996459668
 9000000  1.0171703287617537  0.048785278968388884  1.376953814007791
 9200000  1.0167286732851186  0.03351826079860809  3.4411063012189791
 9400000  1.0167513658055036  0.0039988364943765904  2.035930951948425
 9600000  1.0167295621415791  0.025936273752509498  3.6149522209078677
 9800000  1.0167359506903142  0.020281667113071545  2.3631456881434159
 10000000  1.0168054537864619  0.041331843584233155  1.3626433486744975
 10200000  1.016997440350099  0.049298402377833381  2.1632526454239396
 10400000  1.0166996797249488  0.032559820431862181  2.2372259564269958
 10600000  1.0170429526541898  0.035201024656876218  3.6881577310489
 10800000  1.0171077771865602  0.032698910710654783  1.1520225254754284
 11000000  1.0167425021163066  0.040552801862597569  2.8779811243556552
 11200000  1.0167442878175565  0.020819557267240475  2.621447265030056
 11400000  1.0168897561406482  0.041234735536284747  1.2882563009503976
 11600000  1.0170325504314008  0.02271113429463481  3.5533189428214897
 11800000  1.0169318320284859  0.044352719063596995  1.5240798759979066
 12000000  1.0171081347364375  0.032892325701815529  1.2508010471538178
 12200000  1.0170588405783483  0.022285582213909499  3.2626204809677271
 12400000  1.0170320987431223  0.039291979697016061  0.48680055575638798
 12600000  1.0167579519626442  0.01393023608596314  2.7565464768195671
 12800000  1.0168936398459401  0.016811169934984473  0.92637399300100187
 13000000  1.0167414333176257  0.036571509232836648  2.9727007570379729
 13200000  1.0168383729787693  0.029345940782940401  2.0137906507420178
 13400000  1.0169435344835449  0.010575323057164019  1.6996124078230568
 13600000  1.0168347079592337  0.039003889554631632  3.6772038365251962
 13800000  1.0170161085912677  0.019231924777801827  1.4757759286923102
 14000000  1.0167811452408915  0.032827637347892076  3.46037879215528
 14200000  1.0167369357644171  0.014574091685455776  1.5093197479591529
 14400000  1.0168032474333073  0.026601328318870032  4.4827825519348377
 14600000  1.0168720714217816  0.023108624498929226  3.1601916934460785
 14800000  1.0167467040938987  0.014870878329188255  3.6391711965842197
 15000000  1.0171002311283497  0.033941441269908189  3.1161372219817611
 15200000  1.0171277798059193  0.037984197478702603  3.2039893088845512
 15400000  1.0169496120099948  0.019116447573829125  0.46554986942391235
 15600000  1.0168713504688116  0.024400383168865791  2.8264006663598336
 15800000  1.0169991299006826  0.016062594676781505  2.2119883056294922
 16000000  1.0167595145742954  0.0412002737985541  0.44112496099252457
 16200000  1.0168782835160675  0.033616972442520182  2.1983340722666056
 16400000  1.0168228892233813  0.013876973344183948  2.4946740046071776
 16600000  1.0167118609623236  0.028832592881181198  1.8308491541962879
 16800000  1.0168561870520914  0.048262664063421813  2.6062436416573593
 17000000  1.0169851667224361  0.051248561732635874  1.7940835632797609
 17200000  1.0170645436654757  0.022226790239325094  1.5389296501042822
 17400000  1.0170571830627602  0.0097899597965547622  1.129073780663842
 17600000  1.0169357960743377  0.024023299166771119  3.0305018344983576
 17800000  1.0171109706630477  0.0096551280661658669  1.8857746746501041
 18000000  1.0166652454861362  0.037151727038907116  2.7644652588765917
 18200000  1.0168830570451484  0.061096071335479216  2.690661762459853
 18400000  1.0168732785787493  0.025165936905540358  1.5709641576101336
 18600000  1.016839923159004  0.020267265461460619  0.41826150508548271
 18800000  1.0167328256038533  0.038024471354422634  2.4002757880153247
 19000000  1.0169866727538928  0.034366938465269399  3.847245356530137
 19200000  1.0169446929609274  0.019249925094408059  3.4581104415745791
 19400000  1.0167532410038298  0.057001742368775123  1.6181836356443653
 19600000  1.0170481257624711  0.024829539813193996  1.5539679323091926
 19800000  1.0168880233355782  0.048603874239044678  1.7700125435490968
 20000000  1.016854909998423  0.020930547201802058  2.8215225067471508
 20200000  1.0168630669048937  0.043085608088957214  4.1227803782060652
 20400000  1.0167228488016711  0.028543377632977002  2.4997373426545026
 20600000  1.0168463576895264  0.013908383558315376  0.26600605236662667
 20800000  1.0170588181514533  0.011124578068115306  1.4384631807475292
 21000000  1.0168821120288982  0.027738434539609801  1.8604101990199016
 21200000  1.0168736929932538  0.024521215447440334  2.5561857508486097
 21400000  1.0167800778309892  0.034008229964421897  2.2679330984430028
 21600000  1.0170418568811508  0.011704991968445386  1.1012274781573022
 21800000  1.0170373449706629  0.038745378545185283  0.90882335404711789
 22000000  1.0168199126702215  0.024153639768771988  0.44945713507011925
 22200000  1.0169810426346522  0.0061877435983108495  1.5016853918571564
 22400000  1.0169422822006362  0.034123731130093329  2.9134245115854012
 22600000  1.0170507100697763  0.01260482680544257  1.56654748114353
 22800000  1.0170618718318287  0.04026672668684507  3.6789983844150194
 23000000  1.0170694543288032  0.016307157921488468  0.53337749864064854
 23200000  1.0169503647062752  0.043231364507883799  2.8043776242496348
 23400000  1.0170591479293345  0.022845257318905562  2.7935553877270172
 23600000  1.0171417166782768  0.03746360731574775  1.2290645301247889
 23800000  1.0170795768944834  0.0050346602801563224  3.9318637418262541
 24000000  1.0166542957272189  0.020001761653024891  0.82287331672935082
 24200000  1.0168489892677335  0.04956445028840669  4.6357093845961037
 24400000  1.0167175169440175  0.013920955742350577  2.789722693412807
 24600000  1.0171623056507106  0.061806528622780105  2.538576428124796
 24800000  1.0166051412602968  0.034147431950123784  2.9864713277308095
 25000000  1.0170784842178464  0.063909394208622947  0.56021606359893217
 25200000  1.0167375686338576  0.021571544043891069  2.5825232106302485
 25400000  1.0170332074402955  0.041385654306580075  4.4298742386632579
 25600000  1.0169712455154258  0.024142053115904411  3.5891120952608468
 25800000  1.0168854487873666  0.054397229746021077  2.2245414729915622
 26000000  1.0167937748414024  0.029942302315824933  0.36143218624053292
 26200000  1.0168455668644092  0.047758763189621536  1.1172981155204462
 26400000  1.0167912525586011  0.011393023712455791  2.3878037011843531
 26600000  1.016991962509864  0.05028142730448594  3.6359823261990947
 26800000  1.0168643474744927  0.010487147457270956  3.4232292989604032
 27000000  1.0168343137594302  0.051793983879941073  1.8581829318424334
 27200000  1.0170271542017626  0.013173001014675305  2.7996467368570235
 27400000  1.0170712924133625  0.023041656078614359  1.6770708741174127
 27600000  1.0168437817940006  0.035734206238488116  2.4404053875162135
 27800000  1.0171324424794561  0.041266290244807838  0.56111112481992997
 28000000  1.016946276194322  0.023314316179180318  1.7181826261413298
 28200000  1.0168057763545866  0.028974350429124728  2.0013402742429824
 28400000  1.0167461563209204  0.042723328762438943  0.56277405109822654
 28600000  1.0169534004755469  0.024206441630721293  2.9397784874824247
 28800000  1.0168005491395165  0.022026121400995913  1.3216018751729499
 29000000  1.0167574079349704  0.020882563263712989  2.7014879670708849
 29200000  1.0168356864338794  0.019371546872027412  1.4265976679978221
 29400000  1.0167929268629567  0.0081233620242896487  2.2931102750778019
 29600000  1.0169733725898442  0.039886058559316491  0.20512790811430071
 29800000  1.0167743945520655  0.019239935817652171  1.9928428475068338
 30000000  1.0167577264150329  0.041430561375143379  1.9761591765740285
 30200000  1.0168440563487962  0.040059051519570836  0.82363703547451617
 30400000  1.0169242408489911  0.027965675004712674  2.8263318535156601
 30600000  1.0169448410188326  0.043393141904069205  0.75183184878653131
 30800000  1.0168318501374281  0.024185675556066381  3.2259552469423212
 31000000  1.0170021518045824  0.02237105067973464  2.8778272321002514
 31200000  1.016929144176133  0.023763404152706571  2.7088450622050102
 31400000  1.0169308349443071  0.037525048765165187  3.6594119120285153
 31600000  1.016681690093959  0.022709902511908967  0.62096900477477035
 31800000  1.0171058151761501  0.045092091700856526  1.9321653822425975
 32000000  1.0168193644278802  0.028473180811735065  1.2755521341741589
 32200000  1.0170208778743142  0.041874081289592129  4.0285562420002714
 32400000  1.0167236295965238  0.022091567155228167  1.0675125302053603
 32600000  1.0168843997662169  0.031749485565942127  3.5800535099367048
 32800000  1.0167620301681868  0.022848034596429059  3.78568458054797
 33000000  1.0169228112325357  0.013336628389048122  1.1706923850366289
 33200000  1.0167438217556612  0.047976570974971829  3.2752905704501964
 33400000  1.0169656933254447  0.034815604300179541  2.4683007090217508
 33600000  1.0168967084455929  0.054870996716114714  2.975363694407287
 33800000  1.0168299683246331  0.045344319018755699  4.7747172428921134
 34000000  1.01709514792313  0.022618781451018023  1.9562879620860265
 34200000  1.0169097229761028  0.025102048287309345  2.7059356459641504
 34400000  1.0167408802689377  0.048730901192990818  2.3883936081208468
 34600000  1.0168352989187979  0.05338805933701974  1.8098358743002614
 34800000  1.0169672389422348  0.032905045965347234  3.6511314014219138
 35000000  1.0167578560832191  0.016402178029490441  1.2642163235729136
 35200000  1.0167198610972104  0.039298345664683709  2.8125166560845107
 35400000  1.0167883857238407  0.048339284997562702  2.2648237363514498
 35600000  1.0170850716790298  0.044005921951782843  2.647728087983765
 35800000  1.0169259073103114  0.050813527064214464  3.5418668211465008
 36000000  1.0169007720969643  0.049907413003139223  1.5425225077921869
 36200000  1.016778406312032  0.030383447012336123  2.3485551585646958
 36400000  1.0169387461696342  0.0052763928988061619  2.0665267601350568
 36600000  1.0170340936203182  0.024069937884189797  1.7041730276970017
 36800000  1.0169612965879677  0.036336337857669855  2.6694960030476467
 37000000  1.0168054705064971  0.024068570689890944  0.99787288890719217
 37200000  1.0170437440896156  0.04015795839354333  0.97735638334823471
 37400000  1.0170193303326007  0.035617597007415028  1.1313440462714524
 37600000  1.0168977286677918  0.057617745859729515  0.48901168256350874
 37800000  1.0168586942257731  0.03433245337999942  1.939792706621116
 38000000  1.0169574490882143  0.045818271182402309  0.98021137014742155
 38200000  1.0169553273365297  0.022763968795549372  1.4562623345629111
 38400000  1.0170201255967348  0.056995175235677993  1.0284644673337655
 38600000  1.016970481048842  0.02329844121718096  0.11010291652041394
 38800000  1.0168936253327843  0.053545207096115946  1.8791583579693341
 39000000  1.0168269914667407  0.027074783590191054  2.3472873463569632
 39200000  1.0169271887958511  0.027825973708850843  0.68892462741284743
 39400000  1.0170175981350671  0.05726571867968315  2.2685150223981059
 39600000  1.0167950370838748  0.036741969308826096  2.2084117891652073
 39800000  1.0169338071884895  0.034440863909257137  0.53831441713208039
 40000000  1.0168803323106199  0.037006150971550841  2.806705433030328
 40200000  1.0168536782030582  0.055619027964744681  2.3276026497916429
 40400000  1.016822792323639  0.019152759543824262  1.9361503660091919
 40600000  1.0170701559561648  0.033685604206222602  3.7236361158704661
 40800000  1.0169995399802088  0.038354166511348466  2.2228941727803244
 41000000  1.0169957064276003  0.053993069058502763  2.737485171643816
 41200000  1.017016009079371  0.034926274706051245  3.2374378942578077
 41400000  1.0168262505248824  0.04671876847892787  1.7018388775314526
 41600000  1.0168612628056646  0.036946878493085519  5.061560209790386
 41800000  1.0168807287579003  0.0064435738369391215  2.1640791488420543
 42000000  1.0169518817896352  0.025364825531457143  3.5970336263049214
 42200000  1.0169222390994079  0.047764071046804434  3.4005888944936129
 42400000  1.0168582747499042  0.04658518280900726  1.2037989485655949
 42600000  1.0168779743970415  0.034067910532106178  4.2931787526528007
 42800000  1.0168640589136466  0.014552916864698574  1.9978629175943339
 43000000  1.0169648107285338  0.016232375350573772  3.9182834271277605
 43200000  1.0169402663467848  0.019162306479766144  2.5243815169950774
 43400000  1.0169625731835428  0.021084197403718728  2.6544124848988919
 43600000  1.0168948449112929  0.020639672656921848  2.959699623636733
 43800000  1.0169459171518531  0.011904772240857613  0.98101438162657439
 44000000  1.0169230875757416  0.032180178467175649  3.2658916680678249
 44200000  1.0169606960488011  0.016081294239820978  1.4785385585353168
 44400000  1.0169507674674156  0.033745209781929679  2.4643717093145106
 44600000  1.0169967832992386  0.024387697898307779  1.4193793646716983
 44800000  1.0169841245524005  0.034142810553257526  2.2397493711490273
 45000000  1.0169149642273647  0.021463613139285534  2.2765537662919955
 45200000  1.0169422751698762  0.022081604738055441  1.1893427893232378
 45400000  1.01698760761164  0.026505809848861025  1.8908283039101477
 45600000  1.0169654495581624  0.037309371134837802  0.492512436071669
 45800000  1.016973569227569  0.039900721209813764  2.1294611823442184
 46000000  1.0169072242624164  0.051159250456700035  2.1439614352794791
 46200000  1.0168714266733705  0.021394517558239502  0.44768085783527867
 46400000  1.0168869511951972  0.016890153684301339  2.0368168152471515
 46600000  1.0169835790836441  0.03726340057120648  1.0667913942425222
 46800000  1.0168968428036156  0.050298772945281303  2.525745318422326
 47000000  1.0170011364812046  0.024622815034191493  1.7272861284149104
 47200000  1.0170076270508246  0.027613965560203096  1.4648873946568663
 47400000  1.0169226927733217  0.0364666006390117  2.3237349191405148
 47600000  1.0170167118281035  0.050868445253935357  0.71295823173491735
 47800000  1.0169375486455376  0.024601732420533231  3.1851520117076935
 48000000  1.0169416315291593  0.045508190693947903  1.1658293901270287
 48200000  1.0170169952787824  0.040761856911278628  3.5595397976668748
 48400000  1.0168775700378523  0.034207552387382212  2.0497549947882221
 48600000  1.0168499526022297  0.025735247145727887  2.4803632571831962
 48800000  1.0168670762171019  0.051628444225852783  2.6410993779007779
 49000000  1.01696902486922  0.033174362408638622  1.4323774498438968
 49200000  1.0168690277803591  0.012669775021838555  3.4521305591627232
 49400000  1.0169131131851703  0.037236189994110248  0.81901847803142203
 49600000  1.0168587852222684  0.04755456402749382  3.2726168587007112
 49800000  1.0168492595979137  0.018306020744305079  1.6887702137619227
 50000000  1.01696950684837  0.05058544767886676  3.6911798731297112
 50200000  1.0169451417517048  0.035398990368001287  2.9406242732856902
 50400000  1.0168868157976796  0.0052966478398410056  1.8463427740648974
 50600000  1.0170027412823595  0.024460149357492932  2.7741132589905613
 50800000  1.0169860035961946  0.057327984871936431  1.2058706669201447
 51000000  1.0168630474360176  0.03423673571132696  3.5505048145219957
 51200000  1.0169246339373295  0.040520142703476536  1.265531746741611
 51400000  1.0169836966497625  0.039300615833619226  2.2114450239849539
 51600000  1.0168535962958916  0.02268801327185772  1.3216789120013814
 51800000  1.0169497719241367  0.015862374636719662  2.3118833682647257
 52000000  1.0168647162219542  0.053283395926840005  2.4892253938777062
 52200000  1.0170092100702692  0.037423804439284607  0.5264280216392424
 52400000  1.0168392107337434  0.039572754721170264  2.0421764748945836
 52600000  1.0169081336933463  0.040537533297839469  1.1624950151990325
 52800000  1.0169179551289134  0.0093807974460211521  2.2005991792480777
 53000000  1.0168847410014514  0.015648930817691555  1.8487936770201658
 53200000  1.0169652650105954  0.047132850428677674  0.85099484089935196
 53400000  1.0169057769830114  0.036210106188805158  2.4780062748604328
 53600000  1.0169122322104482  0.0090342401101213762  2.5189344078854363
 53800000  1.0169104298951703  0.022568405640368185  1.5038681794845485
 54000000  1.0169251907563355  0.053237557737218756  2.1613105003721884
 54200000  1.0168823270722804  0.052454665545007668  1.0842844648828922
 54400000  1.0168954552973686  0.018104364331025986  3.3742464364083684
 54600000  1.0170220254336577  0.018123454144708531  1.0726108895232054
 54800000  1.0170105468364603  0.042431230575443943  2.930988004925271
 55000000  1.0168857938327125  0.015775297391322336  1.9136167332940799
 55200000  1.0169620274800788  0.050334033796878792  2.9497182726134521
 55400000  1.0169292909095635  0.052874650548618514  4.2262165140632328
 55600000  1.0169254752963326  0.014744739065612293  0.92227230152874484
 55800000  1.0169186125134624  0.047513690817579279  3.2491201652491526
 56000000  1.0169129991857782  0.020444355490603233  2.5034737583293567
 56200000  1.0169088323805913  0.045070973010815293  2.3938520129570007
 56400000  1.0169613492751506  0.036290454244641689  4.8637398344019989
 56600000  1.0169027909798014  0.043780583600505657  1.5817043098636303
 56800000  1.0169008946563853  0.030926475890651187  3.1343749985097626
 57000000  1.0169562931626726  0.0021938180958393887  3.0700390056512723
 57200000  1.0169293868155036  0.025843837567704069  1.815989833079104
 57400000  1.0169251616461237  0.046334193864573568  4.4638350712819452
 57600000  1.0168911818662429  0.038103098734394318  1.9370182664489342
 57800000  1.0169251713448113  0.038252295072089312  2.6973661554811161
 58000000  1.0169288133685914  0.029322844374665952  2.7350047618990723
 58200000  1.0169270575073106  0.039817987636706312  1.2173175817669488
 58400000  1.0169626501098525  0.034310970458000398  3.2069603063946577
 58600000  1.0169771686398741  0.039207282806005328  2.208472874507009
 58800000  1.0169225837563993  0.028155002680991956  1.3338163773512581
 59000000  1.0168867170148861  0.048388861984459144  2.6505020746733083
 59200000  1.0168658763880649  0.036179165509503043  0.33861144359524126
 59400000  1.016815182053878  0.045755881376780216  2.5649316347323321
 59600000  1.0168074426507971  0.037318258058492523  2.7352524206041515
 59800000  1.01704371832178  0.025324971017613593  1.1764847321306333
 60000000  1.0168721380594403  0.040574030210325664  1.7250054433990438
 60200000  1.0168703325639727  0.014577432661955459  2.6307864323676635
 60400000  1.0168140581438123  0.03336369379914976  0.53592796605742776
 60600000  1.0168357285662197  0.048691517856643336  3.530592296422649
 60800000  1.0170528396407734  0.021868225155834045  1.6235712111094989
 61000000  1.0170573130994442  0.025668416572524663  2.2938212136369942
 61200000  1.0168312672141484  0.035530027251320526  2.0533173643090681
 61400000  1.017083831697932  0.066488025304839216  1.8337071239524512
 61600000  1.0168181793511721  0.040298029293629245  3.6647131116920524
 61800000  1.0168495121325372  0.059029436621661581  1.2765971488250982
 62000000  1.0169868364774552  0.045151974128810751  2.977633626011321
 62200000  1.0166844203314602  0.026002380187656791  0.73441760733099637
 62400000  1.0168337451704506  0.039868810564055633  3.1408125604258794
 62600000  1.0166534336625803  0.041481109612137856  3.2331413352800515
 62800000  1.0169022341861607  0.022723443310582448  1.4104273013261457
 63000000  1.0168701824810555  0.021706224158347547  3.3356274559750489
 63200000  1.0166743322973988  0.0213628608444623  1.159238537573418
 63400000  1.0169834632895978  0.014350063185907895  4.7867319657340541
 63600000  1.0170280145737791  0.022196022939439883  1.8966939861916974
 63800000  1.0171052937375942  0.053541692819954079  3.5082646726405282
 64000000  1.0169905809178128  0.029285811967724805  2.8247325465450186
 64200000  1.0170637350401657  0.026710545901377367  1.3173432687136035
 64400000  1.0170517559424859  0.06808352795234926  4.6624426422727661
 64600000  1.0166538815028772  0.043997739275356475  2.8389064191577309
 64800000  1.0167676581362768  0.045274458780327605  1.2101559805871243
 65000000  1.0169298938348903  0.0322517607357444  1.9758636385715076
 65200000  1.0168703045532508  0.067397474385771441  2.1884056615117173
 65400000  1.0169752025050964  0.025639738767475731  1.3892927994746638
 65600000  1.0168234734986368  0.03420010311245214  2.4262143617203584
 65800000  1.0168523981663531  0.0302584850505704  2.2257587211993481
 66000000  1.0167896492916608  0.044009848387838724  1.9831470371160851
 66200000  1.0167579925827845  0.027980961391116325  2.3830159119999541
 66400000  1.0169777124136548  0.0037211501402739794  1.9729307374364924
 66600000  1.0170949660463455  0.029881144760442509  1.0808540840454457
 66800000  1.0168789653128743  0.060122738310349873  3.0211519457993035
 67000000  1.0169571752844702  0.013383355639033602  4.6563093084714353
 67200000  1.0166941805230374  0.019455621657031481  2.6537454976699051
 67400000  1.0167983626051114  0.025501933753651992  1.6527137731295456
 67600000  1.0167978340747161  0.050804261228368834  2.2746692114862186
 67800000  1.0168161459826226  0.058729481275824627  1.2774456173621103
 68000000  1.0167394367234064  0.059407239956393479  2.8397583811712357
 68200000  1.0168268365637132  0.035405709544910589  2.1243109354114078
 68400000  1.0168442918865532  0.05774022815109417  1.6643948150973922
 68600000  1.0167781508786957  0.0042777440950557237  1.9671186258860447
 68800000  1.0168695950015902  0.044485263645800383  1.8505499236024832
 69000000  1.0170017803061007  0.068814656258530962  3.289550428804727
 69200000  1.0170164640309245  0.022752883383071628  1.2742897435523777
 69400000  1.0167065641376338  0.035238194314396114  2.3102327437298507
 69600000  1.0169440589222722  0.025127781772094137  1.4523879787978107
 69800000  1.0168179414363239  0.030334670039641399  1.7527045840844695
 70000000  1.0169172183143751  0.028900134951073141  2.9925920674231348
 70200000  1.0167989183034949  0.013763552223666157  1.3210344509406944
 70400000  1.0168041986752065  0.019022400460888239  0.8068036280686437
 70600000  1.0168410918867581  0.038314271781081509  1.669737158697769
 70800000  1.0170558505567144  0.050926945498233726  1.4654466782692948
 71000000  1.0168354925020355  0.0523341755985723  1.0821524213050568
 71200000  1.0168204748248506  0.055258498255457686  3.0113745217189036
 71400000  1.0169480526761725  0.029221069808004412  2.1953691999722871
 71600000  1.0169097795308768  0.02242117993836263  3.6061197384096202
 71800000  1.0169569956502074  0.023358734746124418  4.6290667939810088
 72000000  1.0168845855165378  0.050013897243513371  4.3020496960638095
 72200000  1.0168614712839448  0.015321142956736984  1.7578589365407706
 72400000  1.0168870280788962  0.033912712202887517  2.0867192156780217
 72600000  1.0168588683871849  0.043364355991016408  2.3020045370666797
 72800000  1.0168578253999749  0.031827470563781601  2.151547234835447
 73000000  1.0169228836786379  0.057519054644034034  2.5794943606518506
 73200000  1.0169137838466522  0.03520295023152735  2.545669542508604
 73400000  1.016961467478797  0.064916093943556102  2.231902695499731
 73600000  1.0169670887948574  0.025281693363538235  2.3221259634128533
 73800000  1.0170049521657971  0.058780955881901492  2.3316791111229058
 74000000  1.0170330396881027  0.044536815120155913  0.86587307310296968
 74200000  1.0168541949809176  0.05405294877688685  1.9832176064635905
 74400000  1.0168890040301506  0.02473499670342726  3.4301648275585594
 74600000  1.0168301684285643  0.072725083561334627  3.1916933140403398
 74800000  1.0170186409581004  0.042848155606176871  2.244045830163961
 75000000  1.0168062182513657  0.076293557585732572  1.9588033338936384
 75200000  1.0169025178894548  0.051606829453006306  1.796644383427253
 75400000  1.0168646100934446  0.03065819152334984  1.5205319729470335
 75600000  1.0168793086695322  0.051425346838535745  2.1394432574589373
 75800000  1.0168447596222288  0.034101290077829513  2.3983586858871879
 76000000  1.0168736989002274  0.051579556689183195  3.3073697893133716
 76200000  1.0168664918884653  0.059781920358216702  4.3223824150332195
 76400000  1.0168813685410967  0.068657293275380379  3.1260328072703372
 76600000  1.0169268690222426  0.031834894080448553  0.38408327932538855
 76800000  1.0169521263163512  0.041956459292550555  1.2109780147443412
 77000000  1.0169264430281184  0.0044089110650002046  0.26990518025187277
 77200000  1.0168493090944568  0.037311175560148326  1.2085295991765121
 77400000  1.0168628863125255  0.010407653746791024  1.5260583760410416
 77600000  1.0169679069106112  0.061441498618639886  1.0082178912180397
 77800000  1.0170209139121926  0.028567368748374799  2.0101659459832391
 78000000  1.016960809032458  0.06133288519710197  3.4094836988059778
 78200000  1.0169947831831299  0.058224095951679475  2.7060756116381
 78400000  1.0169140608326268  0.032777775996736071  3.3713323319657946
 78600000  1.0168826050992166  0.058421679866091925  3.3264422029546608
 78800000  1.0169749351663202  0.01950939486323109  0.44411723369293976
 79000000  1.0169201261341614  0.068653143861864871  2.4650402203400299
 79200000  1.0169416279558787  0.014972001223269686  2.7617496613983774
 79400000  1.0169339390132373  0.044841072391025694  3.4410932175788869
 79600000  1.0169030291822643  0.033452241183036441  3.4547284870447839
 79800000  1.0168927572065209  0.086487997173844866  1.9659875148504422
 80000000  1.0169591392825477  0.020756435934552342  0.82933202398082106
 80200000  1.016847698102243  0.086668289813527019  1.723440971322644
 80400000  1.0169054387636887  0.036618477588002456  2.5840787287757352
 80600000  1.0170298846289088  0.056488072131928961  3.2366493436096775
 80800000  1.0169202372315347  0.018604207664427098  2.3493974037447201
 81000000  1.0167562102274621  0.080207395310355548  1.3931883632050468
 81200000  1.0167181664051874  0.015721601795330255  1.4544881022924161
 81400000  1.0167822967019118  0.046018607864099954  0.43110381196407244
 81600000  1.0167297253453229  0.011373495008661723  1.8731499293126739
 81800000  1.0167703570994828  0.012303554954870784  2.5420180148888316
 82000000  1.0171131247260541  0.057332856449409199  2.9303727484668132
 82200000  1.0167109695879812  0.056446015021724957  3.0010319976633109
 82400000  1.0166996159780965  0.077945741211125491  1.9507009870664416
 82600000  1.016980151422485  0.014601942844256888  0.4955896886334149
 82800000  1.0167032578367112  0.046973643038156515  0.4487814460471829
 83000000  1.0170329387141019  0.049752096437057428  1.4033476747108167
 83200000  1.0167539243894985  0.055016131641796064  2.8640669320638361
 83400000  1.0170501186079917  0.025407958682037605  2.4966966268270978
 83600000  1.0167579043901511  0.079594690078869337  1.5470239460945876
 83800000  1.016709998668897  0.04645982716025282  1.0442031897977806
 84000000  1.0170551841010977  0.05897695870647969  0.19211631296281315
 84200000  1.0167235288866801  0.042817690256036663  2.2580802376370301
 84400000  1.016826142227452  0.03656774514019076  3.5904928841312422
 84600000  1.0169092567625662  0.029259769299247448  3.487822445924663
 84800000  1.0170591838129583  0.048830995723620034  2.5829736474686351
 85000000  1.016808470159773  0.026692741398856783  1.6518780290912958
 85200000  1.01709772862926  0.031284881123082829  1.526916972948245
 85400000  1.0170242301424604  0.032865223665461941  2.0177582911045149
 85600000  1.0169385547099696  0.060977409097485662  2.9769546355679246
 85800000  1.0169071147407482  0.042919813602948435  4.3542197959746742
 86000000  1.0167971583683129  0.038977175071367207  3.3304332664049023
 86200000  1.0167434285087571  0.069998260337864965  0.90118259173963144
 86400000  1.0166960070285553  0.030006352552213178  0.84618014383003715
 86600000  1.0167738722829944  0.054111114930663937  1.0607100357505077
 86800000  1.0168484444042616  0.045034832263214364  3.0760835225092094
 87000000  1.0167803185580802  0.068939085064407171  3.0382580883470096
 87200000  1.0169796473852737  0.030961117483489689  2.0037703450700186
 87400000  1.0168390334032016  0.017034521570941263  1.9771252823604719
 87600000  1.0167845286056394  0.025658764290172994  2.5265673510244193
 87800000  1.0170063557170252  0.08094688163974724  1.174435797949928
 88000000  1.0167026775285666  0.045771341556683422  2.1494499349698155
 88200000  1.0167310241957401  0.017841119517906616  1.5526470420409941
 88400000  1.0169429920137936  0.026074321644671879  2.1784641543411762
 88600000  1.0167583214563318  0.081694963536562387  2.5395087425363023
 88800000  1.0167558598034045  0.036611196328621698  1.0773007428542933
 89000000  1.0167215816308914  0.078450684074574409  2.4733096086153901
 89200000  1.0170653641139262  0.037156093948492799  2.0275407645824104
 89400000  1.0167953174077957  0.016512311165168873  3.7401650251780674
 89600000  1.0167388177074992  0.057339886407687647  3.8695123399696278
 89800000  1.0169878351985868  0.068148761074180372  2.449717963439507
 90000000  1.0167666004440605  0.0040317270511853152  3.1824412987432358
 90200000  1.016927956813136  0.03413357323981954  1.742197087753099
 90400000  1.0168103140113036  0.042002235449309443  0.74894481109149103
 90600000  1.0167900363620614  0.0016639321387231444  0.71862578472182159
 90800000  1.0167632462852723  0.023508627663616163  1.5588773739761257
 91000000  1.0170430547120719  0.012333606913689645  2.5168839194901489
 91200000  1.0170442248023268  0.077024846782591111  2.5635396754849147
 91400000  1.0170907901908008  0.016136773925676216  1.3856633733663462
 91600000  1.0168363836954055  0.041280696719890632  2.8122086518298706
 91800000  1.0169041691715768  0.02995926288341632  3.73349157068869
 92000000  1.0169367559385354  0.055774196955760282  1.8116411694979815
 92200000  1.016828114566521  0.011649027640428763  2.492921719872601
 92400000  1.016901046293734  0.060679960143635255  1.2365914831375344
 92600000  1.0167753663191326  0.023029105732862171  0.76506395157006923
 92800000  1.0169994074228785  0.045653052273775044  1.1314431901838446
 93000000  1.0169474005843424  0.022804651231568735  2.6417283823879116
 93200000  1.016975552675341  0.03944381071800479  1.5029479233694012
 93400000  1.0168647040552423  0.046600295304246697  1.3689859709459242
 93600000  1.0169393596553098  0.053553690962172211  2.2793086915022909
 93800000  1.0168675828520477  0.023133624384191039  2.3568481669499577
 94000000  1.0168098478898668  0.037145201677425202  3.2174499680675503
 94200000  1.0167672348077126  0.055730554683304602  3.1335345569431987
 94400000  1.0167362230723662  0.053410893456188852  0.56633318900188401
 94600000  1.0170968896977763  0.051730299933579763  1.7489779433913513
 94800000  1.0167966421067087  0.03154771325443801  1.9223646267037979
 95000000  1.0170765373861861  0.075399097338238422  1.6754581524591678
 95200000  1.0170566176983895  0.0092559815419464425  3.7669838575509194
 95400000  1.0167938551284641  0.074782914613214777  0.70538880339492527
 95600000  1.0170299135929506  0.023024822467492569  4.0333073112233757
 95800000  1.0167307378546544  0.049877375063869342  4.5797621369848551
 96000000  1.0167691843631752  0.029819145731107079  0.42309334981637414
 96200000  1.0169386377254614  0.041578916933039625  4.5993712186537605
 96400000  1.0168777131238009  0.0067418052285538486  1.2363720862419803
 96600000  1.0169467422937497  0.020154868450262133  3.9167548204576619
 96800000  1.0169145886953799  0.025712430912056182  2.9285046490422575
 97000000  1.0171667154690294  0.06016598214246674  0.95798856754411921
 97200000  1.0167246174292341  0.053539113236441137  2.6287759131491399
 97400000  1.0168702358673578  0.041397744252892096  2.2605358272299791
 97600000  1.0168876764293397  0.039844419328291421  3.8686203940499002
 97800000  1.0169475191039095  0.050034605930567098  1.1189737510592788
 98000000  1.0168292573019755  0.028549415618788623  4.4245794082735799
 98200000  1.0170061119199976  0.046212852712105033  3.4020465084907876
 98400000  1.0168607087199351  0.072569157359598596  3.8616928670842143
 98600000  1.0169423483884905  0.029824973251384598  3.4226903995259264
 98800000  1.01690112789693  0.060090581898110146  4.4038425454129433
 99000000  1.0168126453537634  0.04022536177436116  0.87867843122062295
 99200000  1.016773984478867  0.040035120665741365  3.1400921009227738
 99400000  1.0169068663563658  0.016767597206727103  2.52578242715808
 99600000  1.0169063619941887  0.057830729114666815  1.7007109136738254
 99800000  1.0168913510926791  0.009123144808979038  3.8024855007687841
 100000000  1.0170534069908901  0.022152841556879889  2.9385075993088945
 100200000  1.0168982230437005  0.012962759699656034  1.4424226416931953
 100400000  1.0169251906167023  0.031323344550849092  1.446959607557369
 100600000  1.0168588533192093  0.037937104599135935  2.1450658103823006
 100800000  1.0169437481430801  0.045990215579973237  4.0340363805544213
 101000000  1.016914601920347  0.0385031273899911  4.0245674179848425
 101200000  1.016853802151408  0.053826744543307027  3.7280558207185757
 101400000  1.0170066706269429  0.048867472904554711  5.2073967627767033
 101600000  1.0168148733294518  0.062678879612802094  1.3802662302513926
 101800000  1.0168061266218025  0.042846223051629904  3.0656215223639194
 102000000  1.0169386495126613  0.016714358737165952  3.9509562020037379
 102200000  1.0169282982416552  0.051834958263976931  3.5883078100687453
 102400000  1.0168340495832022  0.0023973412185378956  4.037267960432029
 102600000  1.0169305715531241  0.062088428316230002  2.4065989840778466
 102800000  1.0169283427134355  0.03317778890913417  0.4813817467563119
 103000000  1.0168437109923776  0.066725366575111536  1.4642965301411697
 103200000  1.0169382554018662  0.018042051510993726  1.2838554605707122
 103400000  1.0168532167797641  0.059291351535386463  1.7021348622617503
 103600000  1.0169357029748021  0.027084365310543684  3.3825309900318361
 103800000  1.0169595420343347  0.039575241656356591  4.6756808563549477
 104000000  1.0168638833604957  0.041285616212815263  3.7245573368203142
 104200000  1.0170173808617871  0.056842700892400115  3.9653262681613142
 104400000  1.0168510707807068  0.059977264138736247  1.5435376739759898
 104600000  1.0169154126611859  0.042829563629181458  1.5000599366054053
 104800000  1.0168176704120124  0.02119810724102085  1.5689067504014915
 105000000  1.0169839946017567  0.064699526309222155  1.8787705942910353
 105200000  1.0169769742220971  0.047463025216774139  2.9633334673363181
 105400000  1.0169958322779422  0.074030553516786571  1.5211060977819855
 105600000  1.0168993963861825  0.038054948183901267  2.776410072298491
 105800000  1.0155698560648481  0.059757244743596769  1.1248275111210477
 106000000  1.0155204036276855  0.092866943573929522  1.5832740370148846
 106200000  1.0155621115393145  0.071724678786280499  1.3945226054665756
 106400000  1.0155606276927915  0.12180692920885809  0.2308352577817338
 106600000  1.0155763812202983  0.011259379136496378  1.7108176125384134
 106800000  1.0154202882293777  0.048228710331572271  3.1462741060153259
 107000000  1.0154156447753138  0.084595773531504131  0.6463664008250245
 107200000  1.015412855544944  0.038451940553640075  2.568257097956665
 107400000  1.0153913208211824  0.11381814778734829  2.9645888220208247
 107600000  1.0154255546501907  0.060211110347497772  2.1164530454239463
 107800000  1.0154205789837643  0.017015869163210559  1.9234943463413277
 108000000  1.0153728326294376  0.090619905600629713  2.6564802093624293
 108200000  1.0153896792616093  0.09958301298436005  1.260482674973727
 108400000  1.0154228431301775  0.11152993110080135  2.2710203344650197
 108600000  1.0154065605357641  0.03158909001290016  0.82925038742949564
 108800000  1.0154019192956532  0.061223576104095387  3.2764270825730342
 109000000  1.0153919011107153  0.10011237553968895  2.2144505620550161
 109200000  1.0153861482423501  0.08464036401873179  2.6627057336932562
 109400000  1.0153897318859486  0.053030826607843633  0.33919210386098686
 109600000  1.0153789740117087  0.12930704541072896  2.1862484652169405
 109800000  1.0153817739617172  0.061530581796276351  0.98885101985006429
 110000000  1.0153973149778543  0.060889655087896011  2.7019060282573024
 110200000  1.0154037346064988  0.10587798033130774  1.7394305862323829
 110400000  1.0154043925210381  0.045715052678065748  1.69160337475675
 110600000  1.0154224430644512  0.083153983635258721  1.1391516311813175
 110800000  1.0154076277864283  0.078291517760590887  1.2971409890898529
 111000000  1.0154041782600909  0.051331460810362363  1.9247915634250516
 111200000  1.0153976588976934  0.10929056381227703  2.1374277949392235
 111400000  1.0153838967835371  0.03423130304997949  3.2260080335737338
 111600000  1.0153786594209713  0.091743770494208315  1.5517758267613346
 111800000  1.0153886121171321  0.10115230749777859  2.0385425802765584
 112000000  1.0153888974977521  0.040007630801615672  0.36232651911630598
 112200000  1.0154008766785354  0.06980033669858686  1.6098864915914173
 112400000  1.0154168689485521  0.10679011039421579  3.0341281284103263
 112600000  1.0154065412019566  0.034874081359992565  1.2021101706614301
 112800000  1.01540363714218  0.092067819151968266  3.3921525612871015
 113000000  1.0153948508665269  0.09503549089530676  0.79791638395673958
 113200000  1.0153833531904521  0.079913550547166451  0.49910608268128942
 113400000  1.0153851872685782  0.06728035222473179  1.1683441072202887
 113600000  1.0154182169477244  0.047156690751420302  2.0980857707288787
 113800000  1.0154006147221606  0.040939749091423269  1.1332947723652298
 114000000  1.0154042279221482  0.044240814695245802  1.3159009261160739
 114200000  1.0153663484756101  0.012317702818976081  0.59949411421872167
 114400000  1.0153398563919467  0.059678804913183676  2.8668369691135043
 114600000  1.0153400111890865  0.028682646740070764  3.2388489790190138
 114800000  1.015224456861751  0.044728081963028514  1.9853288488703118
 115000000  1.0152142557647941  0.054914096336385929  0.52726306942024914
 115200000  1.0151935960957288  0.038322305400786918  0.6488781211856135
 115400000  1.0151820623640126  0.064046929672518099  2.6786934755060776
 115600000  1.0151908093557407  0.063427788972813579  4.054132189164001
 115800000  1.0151815510517415  0.031733608802940426  3.7098623446320498
 116000000  1.015231323064038  0.056266563630768242  2.6593145567823329
 116200000  1.0151971937375739  0.043206418999387187  0.90763938099661612
 116400000  1.0151936475656185  0.019419541005365089  2.0371586084122817
 116600000  1.0151369220056201  0.045613552792719121  4.5939962212401078
 116800000  1.0152776465329729  0.065663595047320528  102.8284141385728
 117000000  1.0153060250788501  0.14081070850035451  34.075023034161561
 117200000  1.015652986613633  0.11800514198088659  112.32329974477902
 117400000  1.0157982284173579  0.086370689737850254  104.31056277713576
 117600000  1.0159126321301244  0.070909330228594414  29.314066810792031
 117800000  1.0159916221297931  0.055953210730110003  86.006411158693069
 118000000  1.0159918184007606  0.049494912919673215  99.016436847291601
 118200000  1.0214253103790529  0.030241135781914077  103.28202134486942
 118400000  1.0176871570307484  0.0039479887965098185  94.01080162640713
 118600000  1.1513629575977073  0.55174362551713285  67.106236578370556
 118800000  1.1343831832339444  0.54330375848910784  103.74583617585134
 119000000  1.1188200130304613  0.54856759650406661  80.772533099698464
 119200000  1.1774085412232218  0.56942090186473648  152.19197312001862
 119400000  1.1730077586126391  0.56408127163615251  126.84044591334755
 119600000  1.230479494201425  0.5879596107292071  127.57111141567565
 119800000  1.2065640664227371  0.57819440577125747  136.47294399610266
 120000000  1.2366228727676858  0.5858663968572585  133.52282230841894
 120200000  1.2582495641723506  0.59700901566846776  121.42240587679672
 120400000  1.3281996481431864  0.61811290192571144  143.58597080870356
 120600000  1.3473851864617326  0.61906117595290699  118.33280470364183
 120800000  1.3320174325459944  0.61901323368431349  153.22681843696424
 121000000  1.32134341940223  0.61634320239995177  111.79476563053298
 121200000  1.3163933125160325  0.61300108819521182  157.95961800461492
 121400000  1.3486573839881328  0.62193014561818649  104.44538966387023
 121600000  1.3720896139374914  0.62837819687246721  142.7781407503351
 121800000  1.456806764170542  0.64428089400055932  144.31271211349593
 122000000  1.4108048457511804  0.63180261635225587  111.80096362143274
 122200000  1.3985194671244425  0.62911672455602607  116.47278621855136
 122400000  1.4186161496090273  0.64250454632612697  142.35841498462841
 122600000  1.3652239359636571  0.62294081382280386  145.38127880732014
 122800000  1.3503566004478229  0.61897755321464509  110.34124159431907
 123000000  1.3673412391116622  0.62063600246126149  135.29313473982586
 123200000  1.3665554462817966  0.62317427331947206  157.24078426102693
 123400000  1.3971647064047208  0.62957200845364758  110.93937345495004
 123600000  1.3912333675555939  0.62894278705562157  101.79800050769133
 123800000  1.3988079581112198  0.63190213303703124  141.65568850241164
 124000000  1.419448946854597  0.63142988580365345  162.19061459416611
 124200000  1.4064890914235173  0.62989511278710764  120.32138855275618
 124400000  1.4589581928443642  0.64248628518398976  106.85482220486344
 124600000  1.4325628829739085  0.63317086861208771  122.25904135705994
 124800000  1.3882064021216418  0.62124423860657396  153.90775033384631
 125000000  1.4325298083367941  0.63298052758623757  164.67050756680896
 125200000  1.4825193643415771  0.64813016287701053  161.50956405817277
 125400000  1.4858650568786773  0.64568760399669833  123.74626127075904
 125600000  1.4964349825271628  0.65161427124872884  112.26778042975167
 125800000  1.4564568997073493  0.63841243337974407  108.25341144775118
 126000000  1.4761849803513845  0.64759084195894889  124.83749417718589
 126200000  1.4744668250362829  0.64432111560157457  146.98695477222918
 126400000  1.4165498784736399  0.6330073296441453  157.21138480871676
 126600000  1.3890151565021145  0.62300831301172177  133.10150529422216
 126800000  1.4012982567195982  0.62070441696825962  117.38882540717709
 127000000  1.4986599242286114  0.64322507296121423  127.5237630825188
 127200000  1.4743317906364897  0.63565304962246483  159.42817859040386
 127400000  1.4694843325600402  0.6367588192678294  160.37828465863495
 127600000  1.5439811067808378  0.65277682734460007  115.22867559374095
 127800000  1.5280592263498904  0.6504600184603655  123.13980179924688
 128000000  1.5719889331175392  0.66368385520716577  140.04217921545373
 128200000  1.6342833555820631  0.6794821615874943  139.44334025665654
 128400000  1.5977721586205256  0.6710103649678123  106.19002589254912
 128600000  1.7037513738388288  0.68840250678576065  140.49904175760537
 128800000  1.7403848168130245  0.69083925478962027  138.60591869490642
 129000000  1.7483569644930015  0.6941324356951023  105.37431706389899
 129200000  1.5511473275488239  0.66188096611842351  121.02963874631412
 129400000  1.7003892626714483  0.69249043627314322  121.51076050022235
 129600000  1.727611988512092  0.70314300424565013  122.32617993794571
 
