462639 100
0 0.01 20000000 5 8
0 -4.43925868123e-003  5.82752642315e-004  1.85411218784e-004  2.21932083436e-002
#      ^^ E0 ^^          ^^ Lx0 ^^          ^^ Ly0 ^^          ^^ Lz0 ^^
#
# HNBody system energy/angular momentum conservation file.
#
#
# Column order: t      (E-E0)/E0   (Lx-Lx0)/L0   (Ly-Ly0)/L0   (Lz-Lz0)/L0
#
                0  0.000000e+000 0.000000e+000 0.000000e+000 0.000000e+000
           200000  -5.273424e-013 1.465030e-017 -2.685889e-017 -3.125398e-016
           400000  -4.974486e-013 2.441717e-017 6.226379e-017 -1.250159e-015
           600000  -9.198696e-013 1.465030e-017 1.611533e-016 -2.187779e-015
           800000  -7.567236e-013 0.000000e+000 1.770245e-016 -1.250159e-015
          1000000  -8.733681e-014 -2.930061e-017 1.196441e-016 -1.250159e-015
          1200000  -3.923318e-013 -4.395091e-017 1.758036e-016 -1.250159e-015
          1400000  -4.276964e-013 -3.418404e-017 2.038834e-016 -3.125398e-016
          1600000  -4.009287e-013 9.766869e-018 1.977791e-016 -3.125398e-016
          1800000  -3.946764e-013 -7.813495e-017 2.087668e-016 -1.875239e-015
          2000000  -1.180122e-013 -6.348465e-017 1.745828e-016 -2.187779e-015
          2200000  -4.337533e-013 -5.371778e-017 1.513865e-016 -1.875239e-015
          2400000  -3.739657e-013 -6.836808e-017 2.270797e-016 -2.031509e-015
          2600000  -2.788135e-013 -9.766869e-018 1.538282e-016 -1.875239e-015
          2800000  -6.387115e-013 -4.883435e-018 1.611533e-016 -1.718969e-015
          3000000  -1.189891e-013 0.000000e+000 1.416196e-016 -1.250159e-015
          3200000  -4.110887e-013 3.418404e-017 1.965582e-016 0.000000e+000
          3400000  -4.079626e-013 -4.883435e-018 1.367362e-016 -1.562699e-015
          3600000  -3.989749e-013 -9.766869e-018 1.562699e-016 -9.376194e-016
          3800000  -3.706441e-013 -9.766869e-018 8.912268e-017 -1.250159e-015
          4000000  -1.701798e-013 -3.906748e-017 1.220859e-016 -7.813495e-016
          4200000  -4.048364e-013 -2.441717e-017 6.836808e-017 -3.125398e-016
          4400000  -3.321534e-013 -6.836808e-017 7.935581e-017 -6.250796e-016
          4600000  -2.793996e-013 -2.441717e-017 1.452822e-016 0.000000e+000
          4800000  -2.198074e-013 -4.883435e-018 2.014417e-016 1.562699e-015
          5000000  -1.299306e-013 4.883435e-018 1.941165e-016 1.406429e-015
          5200000  -2.504828e-013 -1.465030e-017 1.709202e-016 1.250159e-015
          5400000  -2.637689e-013 -9.766869e-018 1.599325e-016 2.500318e-015
          5600000  -1.922582e-013 -2.441717e-017 1.928957e-016 2.969128e-015
          5800000  -2.557581e-013 -1.953374e-017 1.342944e-016 2.031509e-015
          6000000  -5.353532e-013 -9.766869e-018 2.710306e-016 1.562699e-015
          6200000  -2.577120e-013 9.766869e-018 1.721411e-016 6.250796e-016
          6400000  -3.044088e-013 9.766869e-018 1.196441e-016 0.000000e+000
          6600000  -4.261333e-013 6.348465e-017 1.294110e-016 1.093889e-015
          6800000  -4.048364e-013 7.813495e-017 9.522697e-017 9.376194e-016
          7000000  -3.638057e-013 8.790182e-017 1.867914e-016 1.562699e-015
          7200000  -3.915503e-013 5.371778e-017 2.258588e-016 2.812858e-015
          7400000  -5.328132e-013 7.813495e-017 2.063251e-016 4.219287e-015
          7600000  -5.113209e-013 5.860121e-017 1.733619e-016 2.969128e-015
          7800000  -3.544272e-013 5.860121e-017 1.367362e-016 1.562699e-015
          8000000  -2.510689e-013 8.790182e-017 1.196441e-016 2.656588e-015
          8200000  -3.182811e-013 5.371778e-017 1.049938e-016 2.812858e-015
          8400000  -2.891689e-013 3.418404e-017 1.880122e-016 3.906748e-015
          8600000  -3.409457e-013 4.883435e-018 2.307423e-016 3.125398e-015
          8800000  -7.377714e-013 -4.883435e-018 1.831288e-016 3.750478e-015
          9000000  -8.202236e-013 -2.441717e-017 2.063251e-016 2.969128e-015
          9200000  -3.714257e-013 3.418404e-017 2.283006e-016 3.281668e-015
          9400000  -3.387965e-013 5.860121e-017 2.270797e-016 1.875239e-015
          9600000  -5.574316e-013 2.930061e-017 2.124294e-016 9.376194e-016
          9800000  -5.533285e-013 1.465030e-017 1.819079e-016 1.093889e-015
         10000000  -4.868978e-013 9.766869e-018 1.977791e-016 9.376194e-016
         10200000  -5.920146e-013 0.000000e+000 2.038834e-016 1.718969e-015
         10400000  -1.365346e-012 -9.766869e-018 1.977791e-016 2.500318e-015
         10600000  -2.233243e-013 -2.441717e-017 1.990000e-016 2.344049e-015
         10800000  -3.989749e-013 -1.953374e-017 2.405091e-016 2.656588e-015
         11000000  -2.588843e-013 4.395091e-017 2.942269e-016 2.656588e-015
         11200000  -6.467222e-013 2.930061e-017 3.100981e-016 2.656588e-015
         11400000  -5.511793e-013 0.000000e+000 4.077668e-016 1.875239e-015
         11600000  -7.035791e-013 2.930061e-017 3.992208e-016 2.187779e-015
         11800000  -4.034687e-013 4.395091e-017 4.004416e-016 2.031509e-015
         12000000  -8.020528e-013 2.441717e-017 3.369570e-016 2.656588e-015
         12200000  -5.914285e-013 0.000000e+000 3.540490e-016 2.344049e-015
         12400000  -1.116426e-012 -4.883435e-017 4.065459e-016 1.875239e-015
         12600000  -1.056639e-012 -1.465030e-017 3.992208e-016 2.500318e-015
         12800000  -1.202591e-012 -1.953374e-017 3.650367e-016 2.812858e-015
         13000000  -7.487129e-013 9.766869e-018 3.516073e-016 4.219287e-015
         13200000  -7.606313e-013 1.465030e-017 3.796870e-016 5.000637e-015
         13400000  -7.633667e-013 9.766869e-018 3.882330e-016 4.531827e-015
         13600000  -7.264391e-013 1.953374e-017 3.284110e-016 5.781986e-015
         13800000  -5.283193e-013 -9.766869e-018 2.844601e-016 4.531827e-015
         14000000  -1.834659e-013 -3.906748e-017 3.748036e-016 4.375557e-015
         14200000  -5.392608e-013 -1.123190e-016 3.686993e-016 2.969128e-015
         14400000  -5.656377e-013 -8.301839e-017 3.174232e-016 2.500318e-015
         14600000  -6.865807e-013 -1.172024e-016 3.186441e-016 1.562699e-015
         14800000  -6.221038e-013 -1.904539e-016 4.126502e-016 2.500318e-015
         15000000  -5.728670e-013 -2.295214e-016 4.504968e-016 1.875239e-015
         15200000  -9.519126e-013 -2.930061e-016 4.468343e-016 3.125398e-016
         15400000  -1.041399e-012 -3.320735e-016 5.066563e-016 -4.688097e-016
         15600000  -1.023033e-012 -3.027729e-016 5.029938e-016 -1.562699e-015
         15800000  -9.306157e-013 -3.076564e-016 5.408404e-016 -1.406429e-015
         16000000  -5.656377e-013 -3.076564e-016 5.371778e-016 -6.250796e-016
         16200000  -8.477728e-013 -3.369570e-016 5.994416e-016 -9.376194e-016
         16400000  -9.071696e-013 -3.516073e-016 5.933373e-016 -1.562699e-016
         16600000  -8.385897e-013 -3.516073e-016 5.835704e-016 -4.688097e-016
         16800000  -8.823558e-013 -3.809079e-016 6.372882e-016 -1.250159e-015
         17000000  -5.052640e-013 -3.760245e-016 6.812391e-016 -7.813495e-016
         17200000  -9.048250e-013 -3.516073e-016 6.897851e-016 -7.813495e-016
         17400000  -9.482003e-013 -3.418404e-016 6.604845e-016 -1.562699e-016
         17600000  -8.841143e-013 -3.027729e-016 6.629262e-016 -6.250796e-016
         17800000  -7.565283e-013 -3.662576e-016 6.983311e-016 -2.187779e-015
         18000000  -6.215177e-013 -3.711410e-016 6.763557e-016 -1.562699e-015
         18200000  -1.147492e-012 -3.271901e-016 6.092085e-016 -1.250159e-015
         18400000  -1.324901e-012 -3.516073e-016 5.847913e-016 -2.344049e-015
         18600000  -1.042376e-012 -3.174232e-016 5.982207e-016 -2.812858e-015
         18800000  -1.182466e-012 -3.076564e-016 5.933373e-016 -3.437938e-015
         19000000  -1.067580e-012 -3.027729e-016 5.603741e-016 -4.063018e-015
         19200000  -1.203372e-012 -2.881226e-016 5.774661e-016 -4.219287e-015
         19400000  -1.282503e-012 -3.223067e-016 5.628158e-016 -5.781986e-015
         19600000  -1.251632e-012 -2.881226e-016 5.750244e-016 -4.219287e-015
         19800000  -1.278595e-012 -3.027729e-016 5.847913e-016 -4.688097e-015
         20000000  -1.261597e-012 -2.881226e-016 5.738036e-016 -4.844367e-015
         20200000  -1.261401e-012 -2.881226e-016 6.031042e-016 -3.437938e-015
         20400000  -1.245771e-012 -3.125398e-016 6.824600e-016 -3.750478e-015
         20600000  -1.277228e-012 -2.685889e-016 7.129814e-016 -2.031509e-015
         20800000  -1.353232e-012 -2.930061e-016 7.630366e-016 -1.562699e-015
         21000000  -1.079499e-012 -2.978895e-016 7.471655e-016 -6.250796e-016
         21200000  -1.066212e-012 -2.197546e-016 7.435029e-016 7.813495e-016
         21400000  -9.526942e-013 -1.904539e-016 6.617054e-016 1.562699e-016
         21600000  -8.653574e-013 -2.051042e-016 6.873434e-016 6.250796e-016
         21800000  -9.038481e-013 -2.002208e-016 6.739140e-016 9.376194e-016
         22000000  -9.468326e-013 -1.953374e-016 7.959998e-016 1.562699e-015
         22200000  -8.909527e-013 -1.904539e-016 7.789078e-016 1.093889e-015
         22400000  -8.598866e-013 -1.611533e-016 7.544906e-016 4.375557e-015
         22600000  -8.671158e-013 -2.002208e-016 8.399507e-016 2.969128e-015
         22800000  -8.421066e-013 -2.002208e-016 7.776869e-016 3.125398e-015
         23000000  -8.200282e-013 -1.611533e-016 7.837912e-016 2.656588e-015
         23200000  -8.161205e-013 -1.611533e-016 6.910060e-016 3.125398e-015
         23400000  -8.995496e-013 -1.709202e-016 7.117606e-016 2.812858e-015
         23600000  -7.858359e-013 -1.513865e-016 7.154232e-016 3.125398e-015
         23800000  -7.004529e-013 -1.220859e-016 6.812391e-016 2.500318e-015
         24000000  -6.871668e-013 -1.220859e-016 6.055459e-016 2.500318e-015
         24200000  -1.233071e-012 -8.790182e-017 5.615950e-016 2.187779e-015
         24400000  -6.891207e-013 -1.367362e-016 4.614846e-016 3.125398e-016
         24600000  -7.430467e-013 -1.269693e-016 4.285214e-016 3.125398e-016
         24800000  -6.734899e-013 -1.220859e-016 4.285214e-016 -7.813495e-016
         25000000  -7.115899e-013 -1.367362e-016 4.443925e-016 -7.813495e-016
         25200000  -7.676652e-013 -1.660368e-016 4.163128e-016 -4.688097e-016
         25400000  -1.240495e-012 -1.855705e-016 4.248588e-016 -9.376194e-016
         25600000  -7.754805e-013 -1.562699e-016 3.674784e-016 -6.250796e-016
         25800000  -7.026022e-013 -1.025521e-016 3.186441e-016 -1.562699e-015
         26000000  -7.397252e-013 -1.513865e-016 3.259693e-016 -1.875239e-015
         26200000  -8.393712e-013 -1.367362e-016 3.296318e-016 -1.875239e-015
         26400000  -8.317512e-013 -1.465030e-016 3.882330e-016 -6.250796e-016
         26600000  -8.319466e-013 -1.074356e-016 3.552699e-016 -9.376194e-016
         26800000  -7.401160e-013 -1.416196e-016 4.273005e-016 -9.376194e-016
         27000000  -8.284297e-013 -1.465030e-016 4.248588e-016 -1.718969e-015
         27200000  -8.999404e-013 -1.758036e-016 3.784662e-016 -2.969128e-015
         27400000  -9.052158e-013 -2.539386e-016 4.871226e-016 -3.750478e-015
         27600000  -7.973636e-013 -2.783558e-016 4.883435e-016 -6.250796e-015
         27800000  -7.000622e-013 -2.783558e-016 5.249692e-016 -6.250796e-015
         28000000  -7.395298e-013 -2.734723e-016 5.738036e-016 -5.625717e-015
         28200000  -9.439019e-013 -2.637055e-016 5.750244e-016 -6.094526e-015
         28400000  -9.347188e-013 -2.490552e-016 5.335152e-016 -6.719606e-015
         28600000  -7.356221e-013 -2.099877e-016 5.628158e-016 -6.250796e-015
         28800000  -6.729038e-013 -1.513865e-016 5.029938e-016 -6.250796e-015
         29000000  -3.450488e-013 -1.660368e-016 4.761349e-016 -6.407066e-015
         29200000  -4.622794e-013 -1.318527e-016 4.675889e-016 -4.375557e-015
         29400000  -8.012713e-013 -1.220859e-016 4.883435e-016 -3.906748e-015
         29600000  -4.296502e-013 -1.465030e-016 4.578220e-016 -6.563336e-015
         29800000  -2.666997e-013 -1.855705e-016 4.163128e-016 -6.875876e-015
         30000000  -2.692397e-013 -1.562699e-016 4.175337e-016 -6.250796e-015
         30200000  -3.903780e-013 -1.953374e-016 4.590428e-016 -5.938256e-015
         30400000  -2.627920e-013 -2.539386e-016 4.712514e-016 -5.313177e-015
         30600000  -3.231657e-013 -2.832392e-016 4.883435e-016 -6.094526e-015
         30800000  -2.676766e-013 -2.588220e-016 4.492760e-016 -7.657225e-015
         31000000  -1.160583e-013 -2.539386e-016 4.382882e-016 -6.094526e-015
         31200000  -3.303950e-013 -2.734723e-016 4.627054e-016 -6.875876e-015
         31400000  -3.587257e-013 -2.441717e-016 5.017729e-016 -5.469447e-015
         31600000  -3.778734e-013 -2.734723e-016 5.029938e-016 -3.906748e-015
         31800000  -2.823304e-013 -2.539386e-016 5.310735e-016 -4.531827e-015
         32000000  -5.881069e-013 -2.832392e-016 5.933373e-016 -4.531827e-015
         32200000  -5.081947e-013 -2.930061e-016 5.847913e-016 -5.000637e-015
         32400000  -7.580913e-013 -2.685889e-016 5.469447e-016 -4.688097e-015
         32600000  -4.630609e-013 -2.832392e-016 5.689201e-016 -4.219287e-015
         32800000  -3.561857e-013 -2.148711e-016 5.054355e-016 -4.063018e-015
         33000000  -3.976072e-013 -2.099877e-016 4.443925e-016 -6.250796e-015
         33200000  -5.121024e-013 -2.246380e-016 4.370674e-016 -6.719606e-015
         33400000  -4.409825e-013 -1.660368e-016 4.175337e-016 -5.625717e-015
         33600000  -4.687271e-013 -1.367362e-016 3.894539e-016 -5.469447e-015
         33800000  -3.936995e-013 -9.766869e-017 3.870122e-016 -4.219287e-015
         34000000  -6.725130e-013 -1.416196e-016 3.564907e-016 -2.969128e-015
         34200000  -8.972050e-013 -1.074356e-016 4.004416e-016 -1.093889e-015
         34400000  -9.413619e-013 -1.318527e-016 3.809079e-016 -1.718969e-015
         34600000  -1.029480e-012 -1.562699e-016 3.809079e-016 -1.406429e-015
         34800000  -9.745772e-013 -1.269693e-016 3.918956e-016 -3.125398e-016
         35000000  -9.118588e-013 -1.123190e-016 3.992208e-016 2.031509e-015
         35200000  -9.638311e-013 -1.123190e-016 4.260797e-016 1.718969e-015
         35400000  -1.020883e-012 -8.301839e-017 3.857913e-016 3.125398e-015
         35600000  -9.857141e-013 -4.883435e-017 3.894539e-016 3.906748e-015
         35800000  -9.816110e-013 -2.930061e-017 4.199754e-016 3.906748e-015
         36000000  -6.977176e-013 -1.465030e-017 4.224171e-016 2.969128e-015
         36200000  -8.645758e-013 4.883435e-018 4.358465e-016 5.000637e-015
         36400000  -6.043238e-013 2.930061e-017 4.163128e-016 5.781986e-015
         36600000  -8.311651e-013 1.953374e-017 4.041042e-016 6.563336e-015
         36800000  -7.444144e-013 3.906748e-017 3.845705e-016 6.250796e-015
         37000000  -7.875944e-013 4.395091e-017 4.004416e-016 6.875876e-015
         37200000  -7.889621e-013 3.906748e-017 4.321840e-016 6.407066e-015
         37400000  -7.303468e-013 9.278526e-017 3.418404e-016 7.188416e-015
         37600000  -8.862635e-013 9.766869e-017 3.784662e-016 7.032146e-015
         37800000  -1.033974e-012 8.790182e-017 4.138711e-016 8.282305e-015
         38000000  -1.200637e-012 1.025521e-016 4.102085e-016 8.907385e-015
         38200000  -1.158434e-012 1.513865e-016 4.138711e-016 9.063654e-015
         38400000  -1.203958e-012 1.562699e-016 4.309631e-016 9.532464e-015
         38600000  -1.188718e-012 1.513865e-016 4.492760e-016 9.688734e-015
         38800000  -1.092003e-012 1.318527e-016 4.285214e-016 9.063654e-015
         39000000  -1.177582e-012 1.709202e-016 3.552699e-016 9.063654e-015
         39200000  -1.088682e-012 1.513865e-016 3.613742e-016 7.344686e-015
         39400000  -1.165859e-012 1.172024e-016 3.564907e-016 7.032146e-015
         39600000  -1.132057e-012 5.371778e-017 4.102085e-016 6.094526e-015
         39800000  -1.040813e-012 3.906748e-017 3.882330e-016 5.938256e-015
         40000000  -1.276837e-012 2.441717e-017 3.479447e-016 5.938256e-015
         40200000  -1.260425e-012 4.395091e-017 3.601533e-016 4.688097e-015
         40400000  -1.409894e-012 1.953374e-017 3.247484e-016 5.469447e-015
         40600000  -1.476715e-012 6.836808e-017 3.650367e-016 5.625717e-015
         40800000  -1.321775e-012 9.766869e-017 3.662576e-016 6.407066e-015
         41000000  -1.434903e-012 7.325152e-017 3.772453e-016 6.563336e-015
         41200000  -1.443890e-012 8.301839e-017 3.528281e-016 6.094526e-015
         41400000  -1.369644e-012 8.790182e-017 3.357361e-016 5.938256e-015
         41600000  -1.364955e-012 9.766869e-017 3.198650e-016 5.469447e-015
         41800000  -1.201614e-012 1.416196e-016 3.503864e-016 6.094526e-015
         42000000  -1.487461e-012 5.371778e-017 3.992208e-016 4.688097e-015
         42200000  -1.550766e-012 1.074356e-016 3.821288e-016 4.844367e-015
         42400000  -1.536698e-012 8.301839e-017 3.284110e-016 4.688097e-015
         42600000  -1.550375e-012 9.278526e-017 3.491656e-016 3.750478e-015
         42800000  -1.325097e-012 7.813495e-017 3.760245e-016 4.375557e-015
         43000000  -1.557409e-012 5.371778e-017 3.931165e-016 5.156907e-015
         43200000  -1.543927e-012 1.465030e-017 3.906748e-016 3.594208e-015
         43400000  -1.557018e-012 -9.766869e-018 3.857913e-016 5.156907e-015
         43600000  -1.574407e-012 1.953374e-017 3.992208e-016 5.625717e-015
         43800000  -1.255540e-012 3.418404e-017 4.138711e-016 5.000637e-015
         44000000  -1.545295e-012 7.813495e-017 4.541594e-016 5.000637e-015
         44200000  -1.592773e-012 7.813495e-017 4.846809e-016 4.375557e-015
         44400000  -4.505563e-013 9.766869e-017 5.139815e-016 5.469447e-015
         44600000  -1.554869e-012 1.025521e-016 6.031042e-016 4.688097e-015
         44800000  -1.168008e-012 8.790182e-017 6.397299e-016 5.000637e-015
         45000000  -1.078717e-012 1.172024e-016 7.166440e-016 4.219287e-015
         45200000  -1.689879e-012 1.367362e-016 7.190857e-016 4.531827e-015
         45400000  -1.609772e-012 1.855705e-016 7.154232e-016 4.688097e-015
         45600000  -1.589843e-012 2.148711e-016 6.763557e-016 4.375557e-015
         45800000  -1.151400e-012 2.344049e-016 6.275213e-016 4.063018e-015
         46000000  -1.479255e-012 2.588220e-016 5.823496e-016 4.063018e-015
         46200000  -1.569523e-012 2.441717e-016 4.700306e-016 4.531827e-015
         46400000  -1.620713e-012 2.099877e-016 4.773557e-016 2.500318e-015
         46600000  -1.603324e-012 2.392883e-016 5.152023e-016 2.500318e-015
         46800000  -1.119162e-012 2.246380e-016 4.907852e-016 3.594208e-015
         47000000  -1.579683e-012 1.904539e-016 4.578220e-016 2.656588e-015
         47200000  -1.600198e-012 1.416196e-016 4.273005e-016 2.031509e-015
         47400000  -1.557800e-012 1.953374e-016 4.517177e-016 2.500318e-015
         47600000  -1.400515e-012 1.660368e-016 4.199754e-016 3.594208e-015
         47800000  -1.195557e-012 1.904539e-016 4.016625e-016 3.281668e-015
         48000000  -1.561316e-012 2.344049e-016 3.809079e-016 4.063018e-015
         48200000  -1.602347e-012 2.197546e-016 3.735827e-016 3.437938e-015
         48400000  -1.588866e-012 2.099877e-016 3.223067e-016 2.344049e-015
         48600000  -1.409698e-012 2.441717e-016 3.015521e-016 3.437938e-015
         48800000  -1.275078e-012 2.539386e-016 2.856809e-016 3.750478e-015
         49000000  -1.586912e-012 2.099877e-016 2.856809e-016 2.500318e-015
         49200000  -1.603910e-012 2.197546e-016 2.820183e-016 2.500318e-015
         49400000  -1.157848e-012 2.148711e-016 3.381778e-016 2.812858e-015
         49600000  -1.582613e-012 2.246380e-016 3.870122e-016 2.031509e-015
         49800000  -1.257494e-012 2.588220e-016 4.016625e-016 2.187779e-015
         50000000  -1.608404e-012 2.539386e-016 4.504968e-016 1.875239e-015
         50200000  -1.634781e-012 2.832392e-016 4.578220e-016 2.812858e-015
         50400000  -1.619150e-012 3.027729e-016 4.077668e-016 2.187779e-015
         50600000  -1.623253e-012 2.978895e-016 4.566011e-016 6.250796e-016
         50800000  -1.439983e-012 3.076564e-016 5.152023e-016 1.875239e-015
         51000000  -1.604301e-012 3.320735e-016 5.383987e-016 2.187779e-015
         51200000  -1.655296e-012 3.320735e-016 5.090980e-016 2.812858e-015
         51400000  -1.584763e-012 3.320735e-016 4.981103e-016 3.906748e-015
         51600000  -1.448775e-012 3.809079e-016 4.993312e-016 5.469447e-015
         51800000  -1.471830e-012 3.760245e-016 5.322944e-016 7.188416e-015
         52000000  2.434489e-013 3.613742e-016 6.006624e-016 7.032146e-015
         52200000  -1.640643e-012 4.150919e-016 5.493864e-016 7.344686e-015
         52400000  -1.626184e-012 4.102085e-016 5.054355e-016 6.719606e-015
         52600000  -1.620323e-012 4.443925e-016 4.492760e-016 6.407066e-015
         52800000  -1.453269e-012 4.248588e-016 3.662576e-016 8.126035e-015
         53000000  -1.646309e-012 4.834600e-016 3.393987e-016 9.219924e-015
         53200000  -1.640056e-012 4.688097e-016 3.259693e-016 9.845004e-015
         53400000  -1.606450e-012 4.248588e-016 3.125398e-016 6.719606e-015
         53600000  -1.262769e-012 4.346257e-016 3.503864e-016 7.032146e-015
         53800000  -1.473198e-012 3.809079e-016 3.601533e-016 5.625717e-015
         54000000  -2.154113e-012 3.955582e-016 3.088772e-016 7.969765e-015
         54200000  -1.658813e-012 3.809079e-016 3.296318e-016 8.751115e-015
         54400000  -1.654906e-012 4.053251e-016 2.832392e-016 9.532464e-015
         54600000  -1.850290e-012 3.906748e-016 3.467239e-016 1.015754e-014
         54800000  -1.473198e-012 4.443925e-016 3.613742e-016 1.093889e-014
         55000000  -1.677375e-012 4.443925e-016 3.479447e-016 1.234532e-014
         55200000  -1.645332e-012 4.102085e-016 3.784662e-016 1.156397e-014
         55400000  -1.607036e-012 3.711410e-016 4.370674e-016 1.109516e-014
         55600000  -1.782296e-012 3.516073e-016 4.334048e-016 1.156397e-014
         55800000  -1.609967e-012 3.613742e-016 4.639263e-016 1.062635e-014
         56000000  -1.890734e-012 3.809079e-016 4.382882e-016 1.218905e-014
         56200000  -1.805742e-012 3.760245e-016 4.944477e-016 1.281413e-014
         56400000  -1.211188e-012 3.516073e-016 5.469447e-016 1.312667e-014
         56600000  -1.855370e-012 3.418404e-016 5.176441e-016 1.234532e-014
         56800000  -1.586716e-012 3.613742e-016 4.932269e-016 1.312667e-014
         57000000  -1.782101e-012 3.760245e-016 4.932269e-016 1.265786e-014
         57200000  -1.800272e-012 4.346257e-016 4.456134e-016 1.250159e-014
         57400000  -1.743610e-012 4.297422e-016 4.822392e-016 1.375175e-014
         57600000  -1.793433e-012 4.297422e-016 4.541594e-016 1.437683e-014
         57800000  -1.553306e-012 4.053251e-016 4.639263e-016 1.406429e-014
         58000000  -1.804570e-012 4.346257e-016 4.785766e-016 1.281413e-014
         58200000  -2.311202e-012 4.199754e-016 5.042146e-016 1.328294e-014
         58400000  -1.774285e-012 4.346257e-016 4.932269e-016 1.343921e-014
         58600000  -1.765298e-012 4.395091e-016 4.932269e-016 1.343921e-014
         58800000  -1.445063e-012 3.906748e-016 5.188649e-016 1.265786e-014
         59000000  -1.751230e-012 4.541594e-016 5.847913e-016 1.437683e-014
         59200000  -1.706487e-012 4.590428e-016 5.689201e-016 1.437683e-014
         59400000  -1.583395e-012 4.346257e-016 6.201962e-016 1.312667e-014
         59600000  -1.612116e-012 4.004416e-016 5.884539e-016 1.218905e-014
         59800000  -1.439983e-012 4.395091e-016 5.249692e-016 1.375175e-014
         60000000  -1.958924e-012 4.590428e-016 5.005520e-016 1.328294e-014
         60200000  -2.003276e-012 4.150919e-016 5.249692e-016 1.234532e-014
         60400000  -1.983737e-012 4.492760e-016 5.286318e-016 1.281413e-014
         60600000  -2.010114e-012 4.492760e-016 5.664784e-016 1.218905e-014
         60800000  -1.575775e-012 4.102085e-016 6.116502e-016 1.281413e-014
         61000000  -1.963027e-012 4.395091e-016 5.335152e-016 1.297040e-014
         61200000  -2.040399e-012 4.492760e-016 5.664784e-016 1.453310e-014
         61400000  -2.072442e-012 5.029938e-016 5.652575e-016 1.406429e-014
         61600000  -2.127931e-012 4.541594e-016 5.249692e-016 1.359548e-014
         61800000  -1.413215e-012 4.736931e-016 4.968895e-016 1.422056e-014
         62000000  -2.154699e-012 5.176441e-016 4.578220e-016 1.562699e-014
         62200000  -2.126954e-012 5.176441e-016 4.285214e-016 1.562699e-014
         62400000  -1.949741e-012 5.225275e-016 4.199754e-016 1.609580e-014
         62600000  -2.171893e-012 4.932269e-016 5.005520e-016 1.578326e-014
         62800000  -1.361047e-012 5.029938e-016 4.871226e-016 1.500191e-014
         63000000  -2.642378e-012 5.029938e-016 4.810183e-016 1.531445e-014
         63200000  -1.843451e-012 5.176441e-016 5.054355e-016 1.453310e-014
         63400000  -2.137114e-012 5.615950e-016 5.457238e-016 1.531445e-014
         63600000  -2.271148e-012 5.567115e-016 5.921164e-016 1.640834e-014
         63800000  -1.436661e-012 5.567115e-016 5.420612e-016 1.687715e-014
         64000000  -2.617369e-012 5.713618e-016 5.701410e-016 1.656461e-014
         64200000  -2.624012e-012 5.322944e-016 5.054355e-016 1.453310e-014
         64400000  -2.607991e-012 5.567115e-016 5.286318e-016 1.562699e-014
         64600000  -2.565983e-012 5.469447e-016 5.359569e-016 1.500191e-014
         64800000  -1.451315e-012 5.420612e-016 4.834600e-016 1.734596e-014
         65000000  -2.437811e-012 5.567115e-016 5.237484e-016 1.828358e-014
         65200000  -2.295180e-012 5.567115e-016 5.823496e-016 1.937747e-014
         65400000  -2.232071e-012 5.957790e-016 5.274109e-016 1.859612e-014
         65600000  -2.241254e-012 6.250796e-016 5.322944e-016 1.906493e-014
         65800000  -1.397389e-012 6.348465e-016 5.139815e-016 1.922120e-014
         66000000  -2.161733e-012 6.153127e-016 5.078772e-016 1.843985e-014
         66200000  -2.097842e-012 6.250796e-016 5.591533e-016 1.797104e-014
         66400000  -2.241645e-012 6.201962e-016 5.579324e-016 1.843985e-014
         66600000  -2.208039e-012 6.836808e-016 5.762453e-016 1.984628e-014
         66800000  -1.498207e-012 6.983311e-016 5.750244e-016 2.062763e-014
         67000000  -1.872368e-012 7.080980e-016 5.310735e-016 2.172152e-014
         67200000  -1.914962e-012 7.373986e-016 6.433925e-016 2.281541e-014
         67400000  -1.934305e-012 7.227483e-016 6.556011e-016 2.250287e-014
         67600000  -1.922973e-012 6.934477e-016 6.922268e-016 2.375303e-014
         67800000  -1.417123e-012 6.543802e-016 6.238588e-016 2.406557e-014
         68000000  -1.964590e-012 6.836808e-016 5.799078e-016 2.390930e-014
         68200000  -1.844819e-012 7.032146e-016 5.115398e-016 2.484691e-014
         68400000  -1.858496e-012 7.227483e-016 5.066563e-016 2.469064e-014
         68600000  4.099164e-013 7.129814e-016 4.822392e-016 2.297168e-014
         68800000  -1.234438e-012 7.569324e-016 4.920060e-016 2.328422e-014
         69000000  -1.767838e-012 7.129814e-016 5.066563e-016 2.234660e-014
         69200000  -1.816488e-012 7.325152e-016 5.579324e-016 2.328422e-014
         69400000  -1.861622e-012 7.618158e-016 6.201962e-016 2.453438e-014
         69600000  -1.805547e-012 7.373986e-016 5.542698e-016 2.500318e-014
         69800000  -1.392504e-012 7.911164e-016 5.115398e-016 2.547199e-014
         70000000  -1.766665e-012 7.569324e-016 5.506072e-016 2.469064e-014
         70200000  -1.669755e-012 7.032146e-016 5.530490e-016 2.547199e-014
         70400000  -1.781515e-012 7.129814e-016 5.603741e-016 2.406557e-014
         70600000  -2.094520e-012 7.080980e-016 5.835704e-016 2.515945e-014
         70800000  -1.514424e-012 7.276317e-016 5.713618e-016 2.609707e-014
         71000000  -1.890148e-012 7.227483e-016 6.311839e-016 2.687842e-014
         71200000  -1.296571e-012 6.934477e-016 6.775765e-016 2.687842e-014
         71400000  -1.304386e-012 6.543802e-016 6.958894e-016 2.765977e-014
         71600000  -1.293640e-012 6.934477e-016 6.861225e-016 2.640961e-014
         71800000  -4.695086e-013 6.836808e-016 7.422820e-016 2.500318e-014
         72000000  -1.291295e-012 6.494968e-016 7.728035e-016 2.594080e-014
         72200000  -1.292468e-012 6.934477e-016 7.898955e-016 2.500318e-014
         72400000  -1.291100e-012 6.934477e-016 8.692513e-016 2.578453e-014
         72600000  -1.271952e-012 6.934477e-016 8.741348e-016 2.437811e-014
         72800000  -1.251632e-012 6.885643e-016 8.936685e-016 2.594080e-014
         73000000  -1.655492e-012 6.983311e-016 8.851225e-016 2.703469e-014
         73200000  -1.776825e-012 6.885643e-016 8.900059e-016 2.703469e-014
         73400000  -1.695155e-012 7.129814e-016 9.571532e-016 2.781604e-014
         73600000  -1.779561e-012 7.715827e-016 9.864538e-016 2.781604e-014
         73800000  -9.122496e-013 7.471655e-016 9.791286e-016 2.875366e-014
         74000000  -1.745369e-012 8.155336e-016 9.864538e-016 2.969128e-014
         74200000  -2.398148e-012 7.959998e-016 1.007208e-015 3.109771e-014
         74400000  2.253172e-012 7.764661e-016 1.059705e-015 3.000382e-014
         74600000  -7.854451e-012 7.325152e-016 1.096331e-015 2.890993e-014
         74800000  -9.775080e-013 7.569324e-016 1.139061e-015 2.937874e-014
         75000000  3.304536e-012 7.618158e-016 1.129294e-015 2.890993e-014
         75200000  3.236151e-012 7.569324e-016 1.104877e-015 2.937874e-014
         75400000  3.074178e-012 7.618158e-016 1.150049e-015 2.875366e-014
         75600000  2.995047e-012 7.911164e-016 1.174466e-015 3.125398e-014
         75800000  3.318017e-012 7.373986e-016 1.203767e-015 3.062890e-014
         76000000  3.052881e-012 7.325152e-016 1.152491e-015 3.000382e-014
         76200000  3.051708e-012 7.569324e-016 1.097552e-015 3.109771e-014
         76400000  3.060696e-012 7.911164e-016 1.141503e-015 3.156652e-014
         76600000  2.435661e-012 7.911164e-016 1.115865e-015 3.187906e-014
         76800000  1.384298e-012 7.276317e-016 1.136619e-015 3.031636e-014
         77000000  -1.314155e-012 7.422820e-016 1.099994e-015 3.094144e-014
         77200000  -6.137023e-012 7.032146e-016 1.113423e-015 3.031636e-014
         77400000  -6.209706e-012 6.885643e-016 1.114644e-015 2.984755e-014
         77600000  -6.165158e-012 6.934477e-016 1.136619e-015 3.000382e-014
         77800000  -5.875989e-012 6.983311e-016 1.134178e-015 2.890993e-014
         78000000  -6.158711e-012 7.227483e-016 1.114644e-015 3.078517e-014
         78200000  -1.329512e-011 7.325152e-016 1.129294e-015 2.984755e-014
         78400000  -1.711176e-012 7.569324e-016 1.140282e-015 3.078517e-014
         78600000  -2.140436e-012 8.155336e-016 1.119527e-015 2.984755e-014
         78800000  -1.529273e-012 8.253004e-016 1.103656e-015 3.016009e-014
         79000000  -1.762172e-012 8.448342e-016 1.093889e-015 3.000382e-014
         79200000  -1.751816e-012 7.862330e-016 1.096331e-015 2.797231e-014
         79400000  -1.680892e-012 7.862330e-016 1.008429e-015 2.781604e-014
         79600000  -1.617001e-012 7.862330e-016 9.937789e-016 3.000382e-014
         79800000  -1.291100e-012 7.715827e-016 9.888955e-016 2.906620e-014
         80000000  -1.744978e-012 7.227483e-016 9.473863e-016 2.922247e-014
         80200000  -1.796364e-012 7.178649e-016 9.425029e-016 2.812858e-014
         80400000  -2.958901e-012 7.129814e-016 8.704722e-016 2.750350e-014
         80600000  -3.149010e-012 7.032146e-016 8.851225e-016 2.719096e-014
         80800000  -2.313546e-012 7.129814e-016 8.875642e-016 2.734723e-014
         81000000  -3.024159e-012 7.325152e-016 8.643679e-016 2.609707e-014
         81200000  -2.889539e-012 7.764661e-016 8.607053e-016 2.719096e-014
         81400000  -2.793996e-012 7.715827e-016 8.790182e-016 2.703469e-014
         81600000  -2.881333e-012 8.155336e-016 9.339569e-016 2.797231e-014
         81800000  -2.163296e-012 8.546010e-016 8.924477e-016 2.812858e-014
         82000000  -2.806110e-012 9.180857e-016 8.082084e-016 2.906620e-014
         82200000  -2.976095e-012 8.204170e-016 8.460550e-016 2.781604e-014
         82400000  -3.058938e-012 8.106501e-016 8.533802e-016 2.687842e-014
         82600000  -5.102853e-012 7.276317e-016 8.887851e-016 2.734723e-014
         82800000  -3.611094e-012 7.325152e-016 8.912268e-016 2.656588e-014
         83000000  -3.018298e-012 7.569324e-016 9.412820e-016 2.562826e-014
         83200000  -2.955189e-012 8.106501e-016 1.021859e-015 2.719096e-014
         83400000  -3.005012e-012 8.204170e-016 1.074356e-015 2.640961e-014
         83600000  -3.339314e-012 7.569324e-016 1.137840e-015 2.531572e-014
         83800000  -2.144343e-012 7.666992e-016 1.119527e-015 2.687842e-014
         84000000  -2.990553e-012 7.227483e-016 1.136619e-015 2.562826e-014
         84200000  -2.998368e-012 6.641471e-016 1.141503e-015 2.531572e-014
         84400000  -2.920996e-012 6.885643e-016 1.135399e-015 2.562826e-014
         84600000  -3.138264e-012 7.422820e-016 1.140282e-015 2.703469e-014
         84800000  -1.948568e-012 7.471655e-016 1.139061e-015 2.734723e-014
         85000000  -2.890712e-012 7.373986e-016 1.167141e-015 2.844112e-014
         85200000  -3.170697e-012 7.373986e-016 1.159816e-015 2.797231e-014
         85400000  -3.403986e-012 6.983311e-016 1.118307e-015 2.719096e-014
         85600000  -2.067167e-012 7.129814e-016 1.079239e-015 2.594080e-014
         85800000  -1.369058e-012 7.471655e-016 1.085343e-015 2.562826e-014
         86000000  -2.050168e-012 7.422820e-016 1.078018e-015 2.453438e-014
         86200000  -2.149619e-012 7.618158e-016 1.053601e-015 2.406557e-014
         86400000  -2.252977e-012 8.057667e-016 1.041392e-015 2.422184e-014
         86600000  -2.324292e-012 7.911164e-016 1.012092e-015 2.437811e-014
         86800000  -1.933719e-012 7.569324e-016 1.003546e-015 2.312795e-014
         87000000  -2.858669e-012 7.862330e-016 9.827912e-016 2.375303e-014
         87200000  -3.129081e-012 8.057667e-016 1.005988e-015 2.437811e-014
         87400000  -2.644137e-012 8.448342e-016 1.001104e-015 2.469064e-014
         87600000  9.065835e-014 8.399507e-016 9.876746e-016 2.297168e-014
         87800000  -7.088545e-013 8.399507e-016 9.595949e-016 2.406557e-014
         88000000  -1.507195e-012 8.399507e-016 8.204170e-016 2.344049e-014
         88200000  -2.013240e-012 8.399507e-016 7.630366e-016 2.297168e-014
         88400000  -1.880575e-012 8.155336e-016 6.812391e-016 2.312795e-014
         88600000  -1.876081e-012 8.399507e-016 6.409508e-016 2.312795e-014
         88800000  -1.467923e-012 8.350673e-016 6.421716e-016 2.312795e-014
         89000000  -1.625793e-012 8.399507e-016 7.227483e-016 2.344049e-014
         89200000  -1.637126e-012 8.497176e-016 7.215274e-016 2.469064e-014
         89400000  -1.790698e-012 8.497176e-016 6.263005e-016 2.422184e-014
         89600000  4.978198e-012 9.034354e-016 6.116502e-016 2.640961e-014
         89800000  4.170284e-011 9.180857e-016 6.275213e-016 2.687842e-014
         90000000  2.973789e-011 8.790182e-016 6.079876e-016 2.500318e-014
         90200000  2.999326e-011 8.985520e-016 6.446134e-016 2.594080e-014
         90400000  2.949581e-011 8.546010e-016 6.824600e-016 2.515945e-014
         90600000  2.949561e-011 8.155336e-016 7.105397e-016 2.375303e-014
         90800000  2.723580e-011 8.008833e-016 7.203066e-016 2.500318e-014
         91000000  3.427452e-011 8.350673e-016 7.288526e-016 2.406557e-014
         91200000  3.476318e-011 8.887851e-016 6.983311e-016 2.453438e-014
         91400000  -5.542058e-011 8.936685e-016 7.410612e-016 2.500318e-014
         91600000  -6.612217e-011 8.887851e-016 7.544906e-016 2.422184e-014
         91800000  -6.499637e-011 8.839016e-016 7.679201e-016 2.484691e-014
         92000000  -6.594887e-011 8.692513e-016 7.569324e-016 2.578453e-014
         92200000  -6.500008e-011 8.350673e-016 7.923373e-016 2.562826e-014
         92400000  -6.486585e-011 8.546010e-016 8.497176e-016 2.594080e-014
         92600000  -1.552807e-010 8.399507e-016 8.423925e-016 2.562826e-014
         92800000  -7.362649e-011 8.985520e-016 8.655888e-016 2.703469e-014
         93000000  -7.604399e-011 8.692513e-016 8.863434e-016 2.625334e-014
         93200000  -6.366854e-011 8.741348e-016 9.400611e-016 2.625334e-014
         93400000  -5.708486e-011 8.887851e-016 9.620366e-016 2.625334e-014
         93600000  -5.708330e-011 8.741348e-016 9.217483e-016 2.750350e-014
         93800000  -5.702508e-011 8.887851e-016 9.400611e-016 2.828485e-014
         94000000  -5.707666e-011 8.985520e-016 8.814599e-016 2.969128e-014
         94200000  2.134936e-010 9.034354e-016 8.521593e-016 2.890993e-014
         94400000  4.399470e-012 9.083188e-016 9.522697e-016 2.922247e-014
         94600000  5.436961e-012 8.985520e-016 9.620366e-016 2.984755e-014
         94800000  5.711476e-012 8.594845e-016 9.815703e-016 3.000382e-014
         95000000  5.455718e-012 8.497176e-016 9.461654e-016 2.922247e-014
         95200000  5.437938e-012 8.497176e-016 9.351777e-016 3.000382e-014
         95400000  5.448488e-012 8.643679e-016 9.339569e-016 3.156652e-014
         95600000  5.490301e-012 8.839016e-016 9.266317e-016 3.297295e-014
         95800000  5.380104e-012 9.473863e-016 9.486072e-016 3.422311e-014
         96000000  4.542210e-010 9.376194e-016 9.132023e-016 3.312922e-014
         96200000  -6.532723e-010 9.083188e-016 8.375090e-016 3.125398e-014
         96400000  -4.569059e-010 9.425029e-016 8.533802e-016 3.047263e-014
         96600000  -3.060987e-010 8.985520e-016 8.997728e-016 3.094144e-014
         96800000  -3.061909e-010 9.132023e-016 8.094293e-016 3.187906e-014
         97000000  -3.062372e-010 8.985520e-016 7.874538e-016 3.266041e-014
         97200000  -3.068549e-010 9.229691e-016 7.959998e-016 3.250414e-014
         97400000  -3.062923e-010 9.327360e-016 8.326256e-016 3.359803e-014
         97600000  -3.055909e-010 9.522697e-016 8.045458e-016 3.312922e-014
         97800000  -3.056700e-010 8.887851e-016 8.008833e-016 3.172279e-014
         98000000  -3.053074e-010 8.839016e-016 7.117606e-016 3.141025e-014
         98200000  -3.033883e-010 8.985520e-016 7.337360e-016 3.250414e-014
         98400000  -3.057232e-010 9.180857e-016 7.410612e-016 3.141025e-014
         98600000  -3.069791e-010 9.083188e-016 7.618158e-016 3.219160e-014
         98800000  -3.025775e-010 9.229691e-016 7.361778e-016 3.203533e-014
         99000000  -2.908511e-010 9.473863e-016 6.446134e-016 3.109771e-014
         99200000  -2.921694e-010 9.473863e-016 6.604845e-016 3.109771e-014
         99400000  -2.962097e-010 9.034354e-016 6.189753e-016 3.000382e-014
         99600000  -3.010926e-010 9.083188e-016 5.676993e-016 2.922247e-014
         99800000  -3.196238e-010 8.936685e-016 5.127606e-016 3.000382e-014
        100000000  -3.097852e-010 9.180857e-016 5.274109e-016 3.094144e-014
        100200000  -3.057406e-010 9.229691e-016 5.359569e-016 3.031636e-014
        100400000  -3.090627e-010 8.692513e-016 5.676993e-016 3.047263e-014
        100600000  -3.088239e-010 8.253004e-016 5.603741e-016 2.953501e-014
        100800000  -3.086657e-010 8.350673e-016 6.250796e-016 2.922247e-014
        101000000  -3.088913e-010 8.594845e-016 6.238588e-016 3.031636e-014
        101200000  -3.088650e-010 8.790182e-016 5.884539e-016 3.031636e-014
        101400000  -3.088364e-010 8.594845e-016 5.457238e-016 2.969128e-014
        101600000  -3.087143e-010 8.936685e-016 5.664784e-016 2.969128e-014
        101800000  -3.086475e-010 8.692513e-016 6.201962e-016 2.953501e-014
        102000000  -3.088902e-010 8.692513e-016 7.019937e-016 2.953501e-014
        102200000  -3.087003e-010 8.497176e-016 7.154232e-016 2.719096e-014
        102400000  -3.088652e-010 8.546010e-016 7.410612e-016 2.812858e-014
        102600000  -3.090477e-010 8.497176e-016 7.874538e-016 2.906620e-014
        102800000  -3.086930e-010 8.301839e-016 8.277422e-016 2.844112e-014
        103000000  -3.089545e-010 8.399507e-016 8.448342e-016 2.703469e-014
        103200000  -3.096358e-010 8.497176e-016 7.557115e-016 2.656588e-014
        103400000  -3.088849e-010 8.643679e-016 6.690305e-016 2.781604e-014
        103600000  -3.087204e-010 8.839016e-016 6.580428e-016 2.750350e-014
        103800000  -3.087237e-010 9.034354e-016 5.628158e-016 2.797231e-014
        104000000  -3.088476e-010 9.327360e-016 4.566011e-016 2.812858e-014
        104200000  -3.084807e-010 9.376194e-016 5.090980e-016 2.765977e-014
        104400000  -3.083470e-010 9.669200e-016 5.213066e-016 3.031636e-014
        104600000  -3.033883e-010 9.425029e-016 5.542698e-016 3.047263e-014
        104800000  -3.475308e-010 9.620366e-016 5.676993e-016 3.078517e-014
        105000000  -4.409862e-010 9.766869e-016 6.031042e-016 3.109771e-014
        105200000  -4.480519e-010 9.522697e-016 5.762453e-016 3.016009e-014
        105400000  -4.287221e-010 9.180857e-016 5.921164e-016 2.969128e-014
        105600000  -4.609197e-010 9.034354e-016 5.811287e-016 3.031636e-014
        105800000  8.761472e-005 9.132023e-016 5.969999e-016 3.187906e-014
        106000000  8.761569e-005 8.936685e-016 6.079876e-016 3.203533e-014
        106200000  6.225746e-005 9.571532e-016 6.299631e-016 3.437938e-014
        106400000  7.257133e-005 9.327360e-016 5.799078e-016 3.344176e-014
        106600000  7.257358e-005 9.376194e-016 6.446134e-016 3.312922e-014
        106800000  1.140839e-004 9.278526e-016 6.507176e-016 3.359803e-014
        107000000  1.140839e-004 9.278526e-016 6.787974e-016 3.172279e-014
        107200000  1.084905e-004 8.887851e-016 6.678097e-016 3.078517e-014
        107400000  1.084911e-004 8.692513e-016 6.421716e-016 3.078517e-014
        107600000  1.122510e-004 8.497176e-016 5.957790e-016 2.703469e-014
        107800000  1.201635e-004 8.253004e-016 5.518281e-016 2.719096e-014
        108000000  2.222001e-004 8.301839e-016 5.835704e-016 2.781604e-014
        108200000  2.222001e-004 8.399507e-016 5.066563e-016 2.859739e-014
        108400000  2.222001e-004 8.741348e-016 4.627054e-016 2.984755e-014
        108600000  2.222005e-004 8.985520e-016 4.431717e-016 3.031636e-014
        108800000  2.132747e-004 8.741348e-016 4.004416e-016 3.109771e-014
        109000000  2.132747e-004 8.350673e-016 3.735827e-016 3.000382e-014
        109200000  2.132747e-004 8.350673e-016 2.746932e-016 2.984755e-014
        109400000  2.132747e-004 8.399507e-016 3.052147e-016 2.937874e-014
        109600000  2.132747e-004 8.057667e-016 3.381778e-016 2.937874e-014
        109800000  2.132747e-004 8.350673e-016 3.235275e-016 2.953501e-014
        110000000  2.132747e-004 8.106501e-016 4.041042e-016 3.047263e-014
        110200000  2.132747e-004 7.862330e-016 4.590428e-016 3.000382e-014
        110400000  2.132747e-004 7.764661e-016 4.199754e-016 3.062890e-014
        110600000  2.132747e-004 7.715827e-016 4.468343e-016 3.125398e-014
        110800000  2.132747e-004 7.764661e-016 4.126502e-016 3.031636e-014
        111000000  2.132747e-004 7.715827e-016 3.857913e-016 2.969128e-014
        111200000  2.132747e-004 7.813495e-016 4.114294e-016 2.875366e-014
        111400000  2.132747e-004 7.862330e-016 3.320735e-016 2.937874e-014
        111600000  2.132747e-004 7.911164e-016 3.247484e-016 3.141025e-014
        111800000  2.132747e-004 7.911164e-016 3.015521e-016 2.984755e-014
        112000000  2.132748e-004 8.057667e-016 3.003312e-016 3.000382e-014
        112200000  2.132748e-004 7.764661e-016 2.881226e-016 2.953501e-014
        112400000  2.132748e-004 7.813495e-016 3.088772e-016 2.875366e-014
        112600000  2.132748e-004 7.569324e-016 3.735827e-016 2.812858e-014
        112800000  2.132748e-004 7.422820e-016 4.614846e-016 2.844112e-014
        113000000  2.132748e-004 7.178649e-016 4.993312e-016 2.844112e-014
        113200000  2.132748e-004 7.422820e-016 4.468343e-016 2.750350e-014
        113400000  2.295416e-004 7.520489e-016 4.370674e-016 2.890993e-014
        113600000  2.821041e-004 8.106501e-016 3.491656e-016 2.984755e-014
        113800000  2.956664e-004 7.813495e-016 4.163128e-016 3.016009e-014
        114000000  2.177133e-004 7.373986e-016 3.955582e-016 3.062890e-014
        114200000  2.188484e-004 6.787974e-016 3.784662e-016 2.969128e-014
        114400000  2.636849e-004 6.592637e-016 3.491656e-016 2.828485e-014
        114600000  2.295234e-004 5.957790e-016 3.625950e-016 2.687842e-014
        114800000  2.078820e-004 6.055459e-016 3.052147e-016 2.703469e-014
        115000000  2.297231e-004 5.957790e-016 3.271901e-016 2.594080e-014
        115200000  2.114779e-004 5.860121e-016 2.905644e-016 2.765977e-014
        115400000  2.597967e-004 5.420612e-016 2.685889e-016 2.484691e-014
        115600000  2.615185e-004 5.078772e-016 3.100981e-016 2.547199e-014
        115800000  2.111815e-004 5.127606e-016 3.039938e-016 2.500318e-014
        116000000  2.467173e-004 5.078772e-016 3.125398e-016 2.484691e-014
        116200000  2.475458e-004 4.834600e-016 2.258588e-016 2.484691e-014
        116400000  2.314122e-004 4.785766e-016 2.612637e-016 2.359676e-014
        116600000  1.930345e-004 4.834600e-016 1.684785e-016 2.219033e-014
        116800000  -2.225860e-003 1.250159e-015 5.779545e-015 2.094017e-014
        117000000  -2.199703e-003 6.177545e-015 1.018196e-015 3.000382e-014
        117200000  -2.171439e-003 -7.447238e-015 9.355440e-015 6.250796e-015
        117400000  -2.216814e-003 -2.705423e-015 -1.695162e-014 1.797104e-014
        117600000  -2.166967e-003 9.024587e-015 4.673935e-014 4.344303e-014
        117800000  -2.211496e-003 1.313644e-015 5.681876e-015 2.094017e-014
        118000000  -2.215604e-003 2.422184e-015 4.419752e-014 -2.078390e-014
        118200000  -4.606521e-003 1.253871e-013 2.821148e-013 2.359676e-013
        118400000  -4.633301e-003 2.295605e-013 1.787410e-013 4.575583e-013
        118600000  -2.264906e-001 1.093401e-013 -6.913356e-014 2.756601e-013
        118800000  -2.263224e-001 5.909932e-014 2.102563e-014 2.514383e-013
        119000000  -2.263218e-001 -1.522167e-013 -5.960940e-013 2.044010e-013
        119200000  -2.273163e-001 -3.575504e-013 -8.752555e-013 -2.375303e-014
        119400000  -2.273743e-001 -1.716430e-013 -6.953132e-013 2.097142e-013
        119600000  -2.272497e-001 -5.058945e-013 -9.379906e-013 -5.042830e-013
        119800000  -2.272742e-001 -7.218937e-013 -1.230606e-012 -6.563336e-013
        120000000  -2.273422e-001 -5.787554e-013 -1.140575e-012 -5.561646e-013
        120200000  -2.275625e-001 -9.538031e-013 -8.919788e-013 -1.642709e-012
        120400000  -2.279448e-001 -1.221948e-012 -5.982989e-013 -2.923810e-012
        120600000  -2.280767e-001 -1.216913e-012 -9.564500e-013 -2.790043e-012
        120800000  -2.277889e-001 -1.753715e-012 -1.108422e-012 -3.860335e-012
        121000000  -2.276460e-001 -1.863440e-012 -1.929093e-012 -3.803297e-012
        121200000  -2.275906e-001 -1.442703e-012 -1.350331e-012 -4.206473e-012
        121400000  -2.276840e-001 -2.357039e-012 -8.223508e-013 -5.965604e-012
        121600000  -2.275577e-001 -3.572643e-012 -2.419234e-012 -6.994328e-012
        121800000  -2.281465e-001 -3.110416e-012 -2.928361e-012 -6.384563e-012
        122000000  -2.281026e-001 -2.851164e-012 -2.874175e-012 -7.047460e-012
        122200000  -2.280097e-001 -1.393781e-012 -1.142123e-012 -7.216544e-012
        122400000  -2.282044e-001 -1.129866e-012 8.682942e-013 -7.658632e-012
        122600000  -2.279807e-001 -1.006632e-012 2.207879e-012 -8.066652e-012
        122800000  -2.280921e-001 -1.941478e-012 2.844435e-012 -9.578720e-012
        123000000  -2.282813e-001 -3.174799e-012 3.771164e-012 -1.064651e-011
        123200000  -2.284316e-001 -4.442441e-012 3.967439e-012 -1.189323e-011
        123400000  -2.288779e-001 -4.507293e-012 3.310207e-012 -1.122502e-011
        123600000  -2.290289e-001 -4.671694e-012 2.712369e-012 -1.154350e-011
        123800000  -2.293974e-001 -5.776556e-012 1.972029e-012 -1.198028e-011
        124000000  -2.295717e-001 -7.355077e-012 1.802866e-012 -1.139051e-011
        124200000  -2.296020e-001 -1.009925e-011 3.200212e-013 -1.450716e-011
        124400000  -2.292652e-001 -7.909699e-012 -1.521815e-012 -1.048915e-011
        124600000  -2.290423e-001 -5.400278e-012 -2.420250e-012 -1.033116e-011
        124800000  -2.285406e-001 -2.242219e-012 1.664274e-012 -9.532620e-012
        125000000  -2.286946e-001 6.724196e-013 6.152312e-012 -8.661103e-012
        125200000  -2.295576e-001 1.203298e-012 9.532664e-012 -1.219327e-011
        125400000  -2.297765e-001 2.800821e-012 1.194290e-011 -1.056166e-011
        125600000  -2.294550e-001 4.135317e-012 1.356396e-011 -1.124971e-011
        125800000  -2.292912e-001 4.247602e-012 1.653649e-011 -1.487221e-011
        126000000  -2.292938e-001 5.350555e-012 1.984442e-011 -1.524397e-011
        126200000  -2.291418e-001 6.982530e-012 2.011725e-011 -1.222484e-011
        126400000  -2.284523e-001 7.422293e-012 2.307607e-011 -1.360767e-011
        126600000  -2.285739e-001 7.221769e-012 2.603279e-011 -1.673072e-011
        126800000  -2.291725e-001 7.875808e-012 2.799745e-011 -1.830952e-011
        127000000  -2.299283e-001 1.271144e-011 3.008928e-011 -1.392209e-011
        127200000  -2.294277e-001 1.735997e-011 3.306025e-011 -1.083294e-011
        127400000  -2.294208e-001 2.056096e-011 3.691144e-011 -1.101625e-011
        127600000  -2.301377e-001 2.299790e-011 4.121812e-011 -1.385770e-011
        127800000  -2.300607e-001 2.650550e-011 4.687161e-011 -1.646007e-011
        128000000  -2.300902e-001 2.948996e-011 5.099003e-011 -1.806699e-011
        128200000  -2.303507e-001 3.450341e-011 5.604173e-011 -1.442965e-011
        128400000  -2.300282e-001 3.879064e-011 5.923620e-011 -1.355595e-011
        128600000  -2.311211e-001 4.316655e-011 6.553173e-011 -1.176494e-011
        128800000  -2.308995e-001 4.744992e-011 7.083416e-011 -8.218391e-012
        129000000  -2.311632e-001 4.973767e-011 7.365358e-011 -1.202419e-011
        129200000  -2.297653e-001 5.281960e-011 8.075538e-011 -1.531179e-011
        129400000  -2.308465e-001 5.407284e-011 8.390993e-011 -1.949405e-011
        129600000  -2.312225e-001 5.707402e-011 8.805573e-011 -2.054871e-011
        129800000  -1.#IND00e+000 -1.#IND00e+000 -1.#IND00e+000 -1.#IND00e+000
        130000000  -1.#IND00e+000 -1.#IND00e+000 -1.#IND00e+000 -1.#IND00e+000
        130200000  -1.#IND00e+000 -1.#IND00e+000 -1.#IND00e+000 -1.#IND00e+000
        130400000  -1.#IND00e+000 -1.#IND00e+000 -1.#IND00e+000 -1.#IND00e+000
        130600000  -1.#IND00e+000 -1.#IND00e+000 -1.#IND00e+000 -1.#IND00e+000
        130800000  -1.#IND00e+000 -1.#IND00e+000 -1.#IND00e+000 -1.#IND00e+000
        131000000  -1.#IND00e+000 -1.#IND00e+000 -1.#IND00e+000 -1.#IND00e+000
        131200000  -1.#IND00e+000 -1.#IND00e+000 -1.#IND00e+000 -1.#IND00e+000
        131400000  -1.#IND00e+000 -1.#IND00e+000 -1.#IND00e+000 -1.#IND00e+000
        131600000  -1.#IND00e+000 -1.#IND00e+000 -1.#IND00e+000 -1.#IND00e+000
        131800000  -1.#IND00e+000 -1.#IND00e+000 -1.#IND00e+000 -1.#IND00e+000
        132000000  -1.#IND00e+000 -1.#IND00e+000 -1.#IND00e+000 -1.#IND00e+000
        132200000  -1.#IND00e+000 -1.#IND00e+000 -1.#IND00e+000 -1.#IND00e+000
        132400000  -1.#IND00e+000 -1.#IND00e+000 -1.#IND00e+000 -1.#IND00e+000
        132600000  -1.#IND00e+000 -1.#IND00e+000 -1.#IND00e+000 -1.#IND00e+000
        132800000  -1.#IND00e+000 -1.#IND00e+000 -1.#IND00e+000 -1.#IND00e+000
        133000000  -1.#IND00e+000 -1.#IND00e+000 -1.#IND00e+000 -1.#IND00e+000
        133200000  -1.#IND00e+000 -1.#IND00e+000 -1.#IND00e+000 -1.#IND00e+000
        133400000  -1.#IND00e+000 -1.#IND00e+000 -1.#IND00e+000 -1.#IND00e+000
        133600000  -1.#IND00e+000 -1.#IND00e+000 -1.#IND00e+000 -1.#IND00e+000
        133800000  -1.#IND00e+000 -1.#IND00e+000 -1.#IND00e+000 -1.#IND00e+000
        134000000  -1.#IND00e+000 -1.#IND00e+000 -1.#IND00e+000 -1.#IND00e+000
        134200000  -1.#IND00e+000 -1.#IND00e+000 -1.#IND00e+000 -1.#IND00e+000
        134400000  -1.#IND00e+000 -1.#IND00e+000 -1.#IND00e+000 -1.#IND00e+000
        134600000  -1.#IND00e+000 -1.#IND00e+000 -1.#IND00e+000 -1.#IND00e+000
        134800000  -1.#IND00e+000 -1.#IND00e+000 -1.#IND00e+000 -1.#IND00e+000
        135000000  -1.#IND00e+000 -1.#IND00e+000 -1.#IND00e+000 -1.#IND00e+000
        135200000  -1.#IND00e+000 -1.#IND00e+000 -1.#IND00e+000 -1.#IND00e+000
        135400000  -1.#IND00e+000 -1.#IND00e+000 -1.#IND00e+000 -1.#IND00e+000
        135600000  -1.#IND00e+000 -1.#IND00e+000 -1.#IND00e+000 -1.#IND00e+000
        135800000  -1.#IND00e+000 -1.#IND00e+000 -1.#IND00e+000 -1.#IND00e+000
        136000000  -1.#IND00e+000 -1.#IND00e+000 -1.#IND00e+000 -1.#IND00e+000
        136200000  -1.#IND00e+000 -1.#IND00e+000 -1.#IND00e+000 -1.#IND00e+000
        136400000  -1.#IND00e+000 -1.#IND00e+000 -1.#IND00e+000 -1.#IND00e+000
        136600000  -1.#IND00e+000 -1.#IND00e+000 -1.#IND00e+000 -1.#IND00e+000
        136800000  -1.#IND00e+000 -1.#IND00e+000 -1.#IND00e+000 -1.#IND00e+000
        137000000  -1.#IND00e+000 -1.#IND00e+000 -1.#IND00e+000 -1.#IND00e+000
        137200000  -1.#IND00e+000 -1.#IND00e+000 -1.#IND00e+000 -1.#IND00e+000
        137400000  -1.#IND00e+000 -1.#IND00e+000 -1.#IND00e+000 -1.#IND00e+000
        137600000  -1.#IND00e+000 -1.#IND00e+000 -1.#IND00e+000 -1.#IND00e+000
        137800000  -1.#IND00e+000 -1.#IND00e+000 -1.#IND00e+000 -1.#IND00e+000
        138000000  -1.#IND00e+000 -1.#IND00e+000 -1.#IND00e+000 -1.#IND00e+000
        138200000  -1.#IND00e+000 -1.#IND00e+000 -1.#IND00e+000 -1.#IND00e+000
        138400000  -1.#IND00e+000 -1.#IND00e+000 -1.#IND00e+000 -1.#IND00e+000
        138600000  -1.#IND00e+000 -1.#IND00e+000 -1.#IND00e+000 -1.#IND00e+000
        138800000  -1.#IND00e+000 -1.#IND00e+000 -1.#IND00e+000 -1.#IND00e+000
        139000000  -1.#IND00e+000 -1.#IND00e+000 -1.#IND00e+000 -1.#IND00e+000
        139200000  -1.#IND00e+000 -1.#IND00e+000 -1.#IND00e+000 -1.#IND00e+000
        139400000  -1.#IND00e+000 -1.#IND00e+000 -1.#IND00e+000 -1.#IND00e+000
        139600000  -1.#IND00e+000 -1.#IND00e+000 -1.#IND00e+000 -1.#IND00e+000
        139800000  -1.#IND00e+000 -1.#IND00e+000 -1.#IND00e+000 -1.#IND00e+000
        140000000  -1.#IND00e+000 -1.#IND00e+000 -1.#IND00e+000 -1.#IND00e+000
        140200000  -1.#IND00e+000 -1.#IND00e+000 -1.#IND00e+000 -1.#IND00e+000
        140400000  -1.#IND00e+000 -1.#IND00e+000 -1.#IND00e+000 -1.#IND00e+000
        140600000  -1.#IND00e+000 -1.#IND00e+000 -1.#IND00e+000 -1.#IND00e+000
        140800000  -1.#IND00e+000 -1.#IND00e+000 -1.#IND00e+000 -1.#IND00e+000
        141000000  -1.#IND00e+000 -1.#IND00e+000 -1.#IND00e+000 -1.#IND00e+000
        141200000  -1.#IND00e+000 -1.#IND00e+000 -1.#IND00e+000 -1.#IND00e+000
        141400000  -1.#IND00e+000 -1.#IND00e+000 -1.#IND00e+000 -1.#IND00e+000
        141600000  -1.#IND00e+000 -1.#IND00e+000 -1.#IND00e+000 -1.#IND00e+000
        141800000  -1.#IND00e+000 -1.#IND00e+000 -1.#IND00e+000 -1.#IND00e+000
        142000000  -1.#IND00e+000 -1.#IND00e+000 -1.#IND00e+000 -1.#IND00e+000
        142200000  -1.#IND00e+000 -1.#IND00e+000 -1.#IND00e+000 -1.#IND00e+000
        142400000  -1.#IND00e+000 -1.#IND00e+000 -1.#IND00e+000 -1.#IND00e+000
        142600000  -1.#IND00e+000 -1.#IND00e+000 -1.#IND00e+000 -1.#IND00e+000
        142800000  -1.#IND00e+000 -1.#IND00e+000 -1.#IND00e+000 -1.#IND00e+000
        143000000  -1.#IND00e+000 -1.#IND00e+000 -1.#IND00e+000 -1.#IND00e+000
        143200000  -1.#IND00e+000 -1.#IND00e+000 -1.#IND00e+000 -1.#IND00e+000
        143400000  -1.#IND00e+000 -1.#IND00e+000 -1.#IND00e+000 -1.#IND00e+000
        143600000  -1.#IND00e+000 -1.#IND00e+000 -1.#IND00e+000 -1.#IND00e+000
        143800000  -1.#IND00e+000 -1.#IND00e+000 -1.#IND00e+000 -1.#IND00e+000
        144000000  -1.#IND00e+000 -1.#IND00e+000 -1.#IND00e+000 -1.#IND00e+000
        144200000  -1.#IND00e+000 -1.#IND00e+000 -1.#IND00e+000 -1.#IND00e+000
        144400000  -1.#IND00e+000 -1.#IND00e+000 -1.#IND00e+000 -1.#IND00e+000
        144600000  -1.#IND00e+000 -1.#IND00e+000 -1.#IND00e+000 -1.#IND00e+000
        144800000  -1.#IND00e+000 -1.#IND00e+000 -1.#IND00e+000 -1.#IND00e+000
        145000000  -1.#IND00e+000 -1.#IND00e+000 -1.#IND00e+000 -1.#IND00e+000
        145200000  -1.#IND00e+000 -1.#IND00e+000 -1.#IND00e+000 -1.#IND00e+000
        145400000  -1.#IND00e+000 -1.#IND00e+000 -1.#IND00e+000 -1.#IND00e+000
        145600000  -1.#IND00e+000 -1.#IND00e+000 -1.#IND00e+000 -1.#IND00e+000
        145800000  -1.#IND00e+000 -1.#IND00e+000 -1.#IND00e+000 -1.#IND00e+000
        146000000  -1.#IND00e+000 -1.#IND00e+000 -1.#IND00e+000 -1.#IND00e+000
        146200000  -1.#IND00e+000 -1.#IND00e+000 -1.#IND00e+000 -1.#IND00e+000
        146400000  -1.#IND00e+000 -1.#IND00e+000 -1.#IND00e+000 -1.#IND00e+000
        146600000  -1.#IND00e+000 -1.#IND00e+000 -1.#IND00e+000 -1.#IND00e+000
        146800000  -1.#IND00e+000 -1.#IND00e+000 -1.#IND00e+000 -1.#IND00e+000
        147000000  -1.#IND00e+000 -1.#IND00e+000 -1.#IND00e+000 -1.#IND00e+000
        147200000  -1.#IND00e+000 -1.#IND00e+000 -1.#IND00e+000 -1.#IND00e+000
        147400000  -1.#IND00e+000 -1.#IND00e+000 -1.#IND00e+000 -1.#IND00e+000
        147600000  -1.#IND00e+000 -1.#IND00e+000 -1.#IND00e+000 -1.#IND00e+000
        147800000  -1.#IND00e+000 -1.#IND00e+000 -1.#IND00e+000 -1.#IND00e+000
        148000000  -1.#IND00e+000 -1.#IND00e+000 -1.#IND00e+000 -1.#IND00e+000
        148200000  -1.#IND00e+000 -1.#IND00e+000 -1.#IND00e+000 -1.#IND00e+000
        148400000  -1.#IND00e+000 -1.#IND00e+000 -1.#IND00e+000 -1.#IND00e+000
        148600000  -1.#IND00e+000 -1.#IND00e+000 -1.#IND00e+000 -1.#IND00e+000
        148800000  -1.#IND00e+000 -1.#IND00e+000 -1.#IND00e+000 -1.#IND00e+000
        149000000  -1.#IND00e+000 -1.#IND00e+000 -1.#IND00e+000 -1.#IND00e+000
        149200000  -1.#IND00e+000 -1.#IND00e+000 -1.#IND00e+000 -1.#IND00e+000
        149400000  -1.#IND00e+000 -1.#IND00e+000 -1.#IND00e+000 -1.#IND00e+000
        149600000  -1.#IND00e+000 -1.#IND00e+000 -1.#IND00e+000 -1.#IND00e+000
        149800000  -1.#IND00e+000 -1.#IND00e+000 -1.#IND00e+000 -1.#IND00e+000
        150000000  -1.#IND00e+000 -1.#IND00e+000 -1.#IND00e+000 -1.#IND00e+000
        150200000  -1.#IND00e+000 -1.#IND00e+000 -1.#IND00e+000 -1.#IND00e+000
        150400000  -1.#IND00e+000 -1.#IND00e+000 -1.#IND00e+000 -1.#IND00e+000
        150600000  -1.#IND00e+000 -1.#IND00e+000 -1.#IND00e+000 -1.#IND00e+000
        150800000  -1.#IND00e+000 -1.#IND00e+000 -1.#IND00e+000 -1.#IND00e+000
        151000000  -1.#IND00e+000 -1.#IND00e+000 -1.#IND00e+000 -1.#IND00e+000
        151200000  -1.#IND00e+000 -1.#IND00e+000 -1.#IND00e+000 -1.#IND00e+000
        151400000  -1.#IND00e+000 -1.#IND00e+000 -1.#IND00e+000 -1.#IND00e+000
        151600000  -1.#IND00e+000 -1.#IND00e+000 -1.#IND00e+000 -1.#IND00e+000
        151800000  -1.#IND00e+000 -1.#IND00e+000 -1.#IND00e+000 -1.#IND00e+000
        152000000  -1.#IND00e+000 -1.#IND00e+000 -1.#IND00e+000 -1.#IND00e+000
        152200000  -1.#IND00e+000 -1.#IND00e+000 -1.#IND00e+000 -1.#IND00e+000
        152400000  -1.#IND00e+000 -1.#IND00e+000 -1.#IND00e+000 -1.#IND00e+000
        152600000  -1.#IND00e+000 -1.#IND00e+000 -1.#IND00e+000 -1.#IND00e+000
        152800000  -1.#IND00e+000 -1.#IND00e+000 -1.#IND00e+000 -1.#IND00e+000
        153000000  -1.#IND00e+000 -1.#IND00e+000 -1.#IND00e+000 -1.#IND00e+000
        153200000  -1.#IND00e+000 -1.#IND00e+000 -1.#IND00e+000 -1.#IND00e+000
        153400000  -1.#IND00e+000 -1.#IND00e+000 -1.#IND00e+000 -1.#IND00e+000
        153600000  -1.#IND00e+000 -1.#IND00e+000 -1.#IND00e+000 -1.#IND00e+000
        153800000  -1.#IND00e+000 -1.#IND00e+000 -1.#IND00e+000 -1.#IND00e+000
        154000000  -1.#IND00e+000 -1.#IND00e+000 -1.#IND00e+000 -1.#IND00e+000
        154200000  -1.#IND00e+000 -1.#IND00e+000 -1.#IND00e+000 -1.#IND00e+000
        154400000  -1.#IND00e+000 -1.#IND00e+000 -1.#IND00e+000 -1.#IND00e+000
        154600000  -1.#IND00e+000 -1.#IND00e+000 -1.#IND00e+000 -1.#IND00e+000
        154800000  -1.#IND00e+000 -1.#IND00e+000 -1.#IND00e+000 -1.#IND00e+000
        155000000  -1.#IND00e+000 -1.#IND00e+000 -1.#IND00e+000 -1.#IND00e+000
        155200000  -1.#IND00e+000 -1.#IND00e+000 -1.#IND00e+000 -1.#IND00e+000
        155400000  -1.#IND00e+000 -1.#IND00e+000 -1.#IND00e+000 -1.#IND00e+000
        155600000  -1.#IND00e+000 -1.#IND00e+000 -1.#IND00e+000 -1.#IND00e+000
        155800000  -1.#IND00e+000 -1.#IND00e+000 -1.#IND00e+000 -1.#IND00e+000
        156000000  -1.#IND00e+000 -1.#IND00e+000 -1.#IND00e+000 -1.#IND00e+000
        156200000  -1.#IND00e+000 -1.#IND00e+000 -1.#IND00e+000 -1.#IND00e+000
        156400000  -1.#IND00e+000 -1.#IND00e+000 -1.#IND00e+000 -1.#IND00e+000
        156600000  -1.#IND00e+000 -1.#IND00e+000 -1.#IND00e+000 -1.#IND00e+000
        156800000  -1.#IND00e+000 -1.#IND00e+000 -1.#IND00e+000 -1.#IND00e+000
        157000000  -1.#IND00e+000 -1.#IND00e+000 -1.#IND00e+000 -1.#IND00e+000
        157200000  -1.#IND00e+000 -1.#IND00e+000 -1.#IND00e+000 -1.#IND00e+000
        157400000  -1.#IND00e+000 -1.#IND00e+000 -1.#IND00e+000 -1.#IND00e+000
        157600000  -1.#IND00e+000 -1.#IND00e+000 -1.#IND00e+000 -1.#IND00e+000
        157800000  -1.#IND00e+000 -1.#IND00e+000 -1.#IND00e+000 -1.#IND00e+000
        158000000  -1.#IND00e+000 -1.#IND00e+000 -1.#IND00e+000 -1.#IND00e+000
        158200000  -1.#IND00e+000 -1.#IND00e+000 -1.#IND00e+000 -1.#IND00e+000
        158400000  -1.#IND00e+000 -1.#IND00e+000 -1.#IND00e+000 -1.#IND00e+000
        158600000  -1.#IND00e+000 -1.#IND00e+000 -1.#IND00e+000 -1.#IND00e+000
        158800000  -1.#IND00e+000 -1.#IND00e+000 -1.#IND00e+000 -1.#IND00e+000
        159000000  -1.#IND00e+000 -1.#IND00e+000 -1.#IND00e+000 -1.#IND00e+000
        159200000  -1.#IND00e+000 -1.#IND00e+000 -1.#IND00e+000 -1.#IND00e+000
        159400000  -1.#IND00e+000 -1.#IND00e+000 -1.#IND00e+000 -1.#IND00e+000
        159600000  -1.#IND00e+000 -1.#IND00e+000 -1.#IND00e+000 -1.#IND00e+000
        159800000  -1.#IND00e+000 -1.#IND00e+000 -1.#IND00e+000 -1.#IND00e+000
        160000000  -1.#IND00e+000 -1.#IND00e+000 -1.#IND00e+000 -1.#IND00e+000
        160200000  -1.#IND00e+000 -1.#IND00e+000 -1.#IND00e+000 -1.#IND00e+000
        160400000  -1.#IND00e+000 -1.#IND00e+000 -1.#IND00e+000 -1.#IND00e+000
        160600000  -1.#IND00e+000 -1.#IND00e+000 -1.#IND00e+000 -1.#IND00e+000
        160800000  -1.#IND00e+000 -1.#IND00e+000 -1.#IND00e+000 -1.#IND00e+000
        161000000  -1.#IND00e+000 -1.#IND00e+000 -1.#IND00e+000 -1.#IND00e+000
        161200000  -1.#IND00e+000 -1.#IND00e+000 -1.#IND00e+000 -1.#IND00e+000
        161400000  -1.#IND00e+000 -1.#IND00e+000 -1.#IND00e+000 -1.#IND00e+000
        161600000  -1.#IND00e+000 -1.#IND00e+000 -1.#IND00e+000 -1.#IND00e+000
        161800000  -1.#IND00e+000 -1.#IND00e+000 -1.#IND00e+000 -1.#IND00e+000
        162000000  -1.#IND00e+000 -1.#IND00e+000 -1.#IND00e+000 -1.#IND00e+000
        162200000  -1.#IND00e+000 -1.#IND00e+000 -1.#IND00e+000 -1.#IND00e+000
        162400000  -1.#IND00e+000 -1.#IND00e+000 -1.#IND00e+000 -1.#IND00e+000
        162600000  -1.#IND00e+000 -1.#IND00e+000 -1.#IND00e+000 -1.#IND00e+000
        162800000  -1.#IND00e+000 -1.#IND00e+000 -1.#IND00e+000 -1.#IND00e+000
        163000000  -1.#IND00e+000 -1.#IND00e+000 -1.#IND00e+000 -1.#IND00e+000
        163200000  -1.#IND00e+000 -1.#IND00e+000 -1.#IND00e+000 -1.#IND00e+000
        163400000  -1.#IND00e+000 -1.#IND00e+000 -1.#IND00e+000 -1.#IND00e+000
        163600000  -1.#IND00e+000 -1.#IND00e+000 -1.#IND00e+000 -1.#IND00e+000
        163800000  -1.#IND00e+000 -1.#IND00e+000 -1.#IND00e+000 -1.#IND00e+000
        164000000  -1.#IND00e+000 -1.#IND00e+000 -1.#IND00e+000 -1.#IND00e+000
        164200000  -1.#IND00e+000 -1.#IND00e+000 -1.#IND00e+000 -1.#IND00e+000
        164400000  -1.#IND00e+000 -1.#IND00e+000 -1.#IND00e+000 -1.#IND00e+000
        164600000  -1.#IND00e+000 -1.#IND00e+000 -1.#IND00e+000 -1.#IND00e+000
        164800000  -1.#IND00e+000 -1.#IND00e+000 -1.#IND00e+000 -1.#IND00e+000
        165000000  -1.#IND00e+000 -1.#IND00e+000 -1.#IND00e+000 -1.#IND00e+000
        165200000  -1.#IND00e+000 -1.#IND00e+000 -1.#IND00e+000 -1.#IND00e+000
        165400000  -1.#IND00e+000 -1.#IND00e+000 -1.#IND00e+000 -1.#IND00e+000
        165600000  -1.#IND00e+000 -1.#IND00e+000 -1.#IND00e+000 -1.#IND00e+000
        165800000  -1.#IND00e+000 -1.#IND00e+000 -1.#IND00e+000 -1.#IND00e+000
        166000000  -1.#IND00e+000 -1.#IND00e+000 -1.#IND00e+000 -1.#IND00e+000
        166200000  -1.#IND00e+000 -1.#IND00e+000 -1.#IND00e+000 -1.#IND00e+000
        166400000  -1.#IND00e+000 -1.#IND00e+000 -1.#IND00e+000 -1.#IND00e+000
        166600000  -1.#IND00e+000 -1.#IND00e+000 -1.#IND00e+000 -1.#IND00e+000
        166800000  -1.#IND00e+000 -1.#IND00e+000 -1.#IND00e+000 -1.#IND00e+000
        167000000  -1.#IND00e+000 -1.#IND00e+000 -1.#IND00e+000 -1.#IND00e+000
        167200000  -1.#IND00e+000 -1.#IND00e+000 -1.#IND00e+000 -1.#IND00e+000
        167400000  -1.#IND00e+000 -1.#IND00e+000 -1.#IND00e+000 -1.#IND00e+000
        167600000  -1.#IND00e+000 -1.#IND00e+000 -1.#IND00e+000 -1.#IND00e+000
        167800000  -1.#IND00e+000 -1.#IND00e+000 -1.#IND00e+000 -1.#IND00e+000
        168000000  -1.#IND00e+000 -1.#IND00e+000 -1.#IND00e+000 -1.#IND00e+000
        168200000  -1.#IND00e+000 -1.#IND00e+000 -1.#IND00e+000 -1.#IND00e+000
        168400000  -1.#IND00e+000 -1.#IND00e+000 -1.#IND00e+000 -1.#IND00e+000
        168600000  -1.#IND00e+000 -1.#IND00e+000 -1.#IND00e+000 -1.#IND00e+000
        168800000  -1.#IND00e+000 -1.#IND00e+000 -1.#IND00e+000 -1.#IND00e+000
        169000000  -1.#IND00e+000 -1.#IND00e+000 -1.#IND00e+000 -1.#IND00e+000
        169200000  -1.#IND00e+000 -1.#IND00e+000 -1.#IND00e+000 -1.#IND00e+000
        169400000  -1.#IND00e+000 -1.#IND00e+000 -1.#IND00e+000 -1.#IND00e+000
        169600000  -1.#IND00e+000 -1.#IND00e+000 -1.#IND00e+000 -1.#IND00e+000
        169800000  -1.#IND00e+000 -1.#IND00e+000 -1.#IND00e+000 -1.#IND00e+000
        170000000  -1.#IND00e+000 -1.#IND00e+000 -1.#IND00e+000 -1.#IND00e+000
        170200000  -1.#IND00e+000 -1.#IND00e+000 -1.#IND00e+000 -1.#IND00e+000
        170400000  -1.#IND00e+000 -1.#IND00e+000 -1.#IND00e+000 -1.#IND00e+000
        170600000  -1.#IND00e+000 -1.#IND00e+000 -1.#IND00e+000 -1.#IND00e+000
        170800000  -1.#IND00e+000 -1.#IND00e+000 -1.#IND00e+000 -1.#IND00e+000
        171000000  -1.#IND00e+000 -1.#IND00e+000 -1.#IND00e+000 -1.#IND00e+000
        171200000  -1.#IND00e+000 -1.#IND00e+000 -1.#IND00e+000 -1.#IND00e+000
        171400000  -1.#IND00e+000 -1.#IND00e+000 -1.#IND00e+000 -1.#IND00e+000
        171600000  -1.#IND00e+000 -1.#IND00e+000 -1.#IND00e+000 -1.#IND00e+000
        171800000  -1.#IND00e+000 -1.#IND00e+000 -1.#IND00e+000 -1.#IND00e+000
        172000000  -1.#IND00e+000 -1.#IND00e+000 -1.#IND00e+000 -1.#IND00e+000
        172200000  -1.#IND00e+000 -1.#IND00e+000 -1.#IND00e+000 -1.#IND00e+000
        172400000  -1.#IND00e+000 -1.#IND00e+000 -1.#IND00e+000 -1.#IND00e+000
        172600000  -1.#IND00e+000 -1.#IND00e+000 -1.#IND00e+000 -1.#IND00e+000
        172800000  -1.#IND00e+000 -1.#IND00e+000 -1.#IND00e+000 -1.#IND00e+000
        173000000  -1.#IND00e+000 -1.#IND00e+000 -1.#IND00e+000 -1.#IND00e+000
        173200000  -1.#IND00e+000 -1.#IND00e+000 -1.#IND00e+000 -1.#IND00e+000
        173400000  -1.#IND00e+000 -1.#IND00e+000 -1.#IND00e+000 -1.#IND00e+000
        173600000  -1.#IND00e+000 -1.#IND00e+000 -1.#IND00e+000 -1.#IND00e+000
        173800000  -1.#IND00e+000 -1.#IND00e+000 -1.#IND00e+000 -1.#IND00e+000
        174000000  -1.#IND00e+000 -1.#IND00e+000 -1.#IND00e+000 -1.#IND00e+000
        174200000  -1.#IND00e+000 -1.#IND00e+000 -1.#IND00e+000 -1.#IND00e+000
        174400000  -1.#IND00e+000 -1.#IND00e+000 -1.#IND00e+000 -1.#IND00e+000
        174600000  -1.#IND00e+000 -1.#IND00e+000 -1.#IND00e+000 -1.#IND00e+000
        174800000  -1.#IND00e+000 -1.#IND00e+000 -1.#IND00e+000 -1.#IND00e+000
        175000000  -1.#IND00e+000 -1.#IND00e+000 -1.#IND00e+000 -1.#IND00e+000
        175200000  -1.#IND00e+000 -1.#IND00e+000 -1.#IND00e+000 -1.#IND00e+000
        175400000  -1.#IND00e+000 -1.#IND00e+000 -1.#IND00e+000 -1.#IND00e+000
        175600000  -1.#IND00e+000 -1.#IND00e+000 -1.#IND00e+000 -1.#IND00e+000
        175800000  -1.#IND00e+000 -1.#IND00e+000 -1.#IND00e+000 -1.#IND00e+000
        176000000  -1.#IND00e+000 -1.#IND00e+000 -1.#IND00e+000 -1.#IND00e+000
        176200000  -1.#IND00e+000 -1.#IND00e+000 -1.#IND00e+000 -1.#IND00e+000
        176400000  -1.#IND00e+000 -1.#IND00e+000 -1.#IND00e+000 -1.#IND00e+000
        176600000  -1.#IND00e+000 -1.#IND00e+000 -1.#IND00e+000 -1.#IND00e+000
        176800000  -1.#IND00e+000 -1.#IND00e+000 -1.#IND00e+000 -1.#IND00e+000
        177000000  -1.#IND00e+000 -1.#IND00e+000 -1.#IND00e+000 -1.#IND00e+000
        177200000  -1.#IND00e+000 -1.#IND00e+000 -1.#IND00e+000 -1.#IND00e+000
        177400000  -1.#IND00e+000 -1.#IND00e+000 -1.#IND00e+000 -1.#IND00e+000
        177600000  -1.#IND00e+000 -1.#IND00e+000 -1.#IND00e+000 -1.#IND00e+000
        177800000  -1.#IND00e+000 -1.#IND00e+000 -1.#IND00e+000 -1.#IND00e+000
        178000000  -1.#IND00e+000 -1.#IND00e+000 -1.#IND00e+000 -1.#IND00e+000
        178200000  -1.#IND00e+000 -1.#IND00e+000 -1.#IND00e+000 -1.#IND00e+000
        178400000  -1.#IND00e+000 -1.#IND00e+000 -1.#IND00e+000 -1.#IND00e+000
        178600000  -1.#IND00e+000 -1.#IND00e+000 -1.#IND00e+000 -1.#IND00e+000
        178800000  -1.#IND00e+000 -1.#IND00e+000 -1.#IND00e+000 -1.#IND00e+000
        179000000  -1.#IND00e+000 -1.#IND00e+000 -1.#IND00e+000 -1.#IND00e+000
        179200000  -1.#IND00e+000 -1.#IND00e+000 -1.#IND00e+000 -1.#IND00e+000
        179400000  -1.#IND00e+000 -1.#IND00e+000 -1.#IND00e+000 -1.#IND00e+000
        179600000  -1.#IND00e+000 -1.#IND00e+000 -1.#IND00e+000 -1.#IND00e+000
        179800000  -1.#IND00e+000 -1.#IND00e+000 -1.#IND00e+000 -1.#IND00e+000
        180000000  -1.#IND00e+000 -1.#IND00e+000 -1.#IND00e+000 -1.#IND00e+000
        180200000  -1.#IND00e+000 -1.#IND00e+000 -1.#IND00e+000 -1.#IND00e+000
        180400000  -1.#IND00e+000 -1.#IND00e+000 -1.#IND00e+000 -1.#IND00e+000
        180600000  -1.#IND00e+000 -1.#IND00e+000 -1.#IND00e+000 -1.#IND00e+000
        180800000  -1.#IND00e+000 -1.#IND00e+000 -1.#IND00e+000 -1.#IND00e+000
        181000000  -1.#IND00e+000 -1.#IND00e+000 -1.#IND00e+000 -1.#IND00e+000
        181200000  -1.#IND00e+000 -1.#IND00e+000 -1.#IND00e+000 -1.#IND00e+000
        181400000  -1.#IND00e+000 -1.#IND00e+000 -1.#IND00e+000 -1.#IND00e+000
        181600000  -1.#IND00e+000 -1.#IND00e+000 -1.#IND00e+000 -1.#IND00e+000
        181800000  -1.#IND00e+000 -1.#IND00e+000 -1.#IND00e+000 -1.#IND00e+000
        182000000  -1.#IND00e+000 -1.#IND00e+000 -1.#IND00e+000 -1.#IND00e+000
        182200000  -1.#IND00e+000 -1.#IND00e+000 -1.#IND00e+000 -1.#IND00e+000
        182400000  -1.#IND00e+000 -1.#IND00e+000 -1.#IND00e+000 -1.#IND00e+000
        182600000  -1.#IND00e+000 -1.#IND00e+000 -1.#IND00e+000 -1.#IND00e+000
        182800000  -1.#IND00e+000 -1.#IND00e+000 -1.#IND00e+000 -1.#IND00e+000
        183000000  -1.#IND00e+000 -1.#IND00e+000 -1.#IND00e+000 -1.#IND00e+000
        183200000  -1.#IND00e+000 -1.#IND00e+000 -1.#IND00e+000 -1.#IND00e+000
        183400000  -1.#IND00e+000 -1.#IND00e+000 -1.#IND00e+000 -1.#IND00e+000
        183600000  -1.#IND00e+000 -1.#IND00e+000 -1.#IND00e+000 -1.#IND00e+000
        183800000  -1.#IND00e+000 -1.#IND00e+000 -1.#IND00e+000 -1.#IND00e+000
        184000000  -1.#IND00e+000 -1.#IND00e+000 -1.#IND00e+000 -1.#IND00e+000
        184200000  -1.#IND00e+000 -1.#IND00e+000 -1.#IND00e+000 -1.#IND00e+000
        184400000  -1.#IND00e+000 -1.#IND00e+000 -1.#IND00e+000 -1.#IND00e+000
        184600000  -1.#IND00e+000 -1.#IND00e+000 -1.#IND00e+000 -1.#IND00e+000
        184800000  -1.#IND00e+000 -1.#IND00e+000 -1.#IND00e+000 -1.#IND00e+000
        185000000  -1.#IND00e+000 -1.#IND00e+000 -1.#IND00e+000 -1.#IND00e+000
        185200000  -1.#IND00e+000 -1.#IND00e+000 -1.#IND00e+000 -1.#IND00e+000
        185400000  -1.#IND00e+000 -1.#IND00e+000 -1.#IND00e+000 -1.#IND00e+000
        185600000  -1.#IND00e+000 -1.#IND00e+000 -1.#IND00e+000 -1.#IND00e+000
        185800000  -1.#IND00e+000 -1.#IND00e+000 -1.#IND00e+000 -1.#IND00e+000
        186000000  -1.#IND00e+000 -1.#IND00e+000 -1.#IND00e+000 -1.#IND00e+000
        186200000  -1.#IND00e+000 -1.#IND00e+000 -1.#IND00e+000 -1.#IND00e+000
        186400000  -1.#IND00e+000 -1.#IND00e+000 -1.#IND00e+000 -1.#IND00e+000
        186600000  -1.#IND00e+000 -1.#IND00e+000 -1.#IND00e+000 -1.#IND00e+000
        186800000  -1.#IND00e+000 -1.#IND00e+000 -1.#IND00e+000 -1.#IND00e+000
        187000000  -1.#IND00e+000 -1.#IND00e+000 -1.#IND00e+000 -1.#IND00e+000
        187200000  -1.#IND00e+000 -1.#IND00e+000 -1.#IND00e+000 -1.#IND00e+000
        187400000  -1.#IND00e+000 -1.#IND00e+000 -1.#IND00e+000 -1.#IND00e+000
        187600000  -1.#IND00e+000 -1.#IND00e+000 -1.#IND00e+000 -1.#IND00e+000
        187800000  -1.#IND00e+000 -1.#IND00e+000 -1.#IND00e+000 -1.#IND00e+000
        188000000  -1.#IND00e+000 -1.#IND00e+000 -1.#IND00e+000 -1.#IND00e+000
        188200000  -1.#IND00e+000 -1.#IND00e+000 -1.#IND00e+000 -1.#IND00e+000
        188400000  -1.#IND00e+000 -1.#IND00e+000 -1.#IND00e+000 -1.#IND00e+000
        188600000  -1.#IND00e+000 -1.#IND00e+000 -1.#IND00e+000 -1.#IND00e+000
        188800000  -1.#IND00e+000 -1.#IND00e+000 -1.#IND00e+000 -1.#IND00e+000
        189000000  -1.#IND00e+000 -1.#IND00e+000 -1.#IND00e+000 -1.#IND00e+000
        189200000  -1.#IND00e+000 -1.#IND00e+000 -1.#IND00e+000 -1.#IND00e+000
        189400000  -1.#IND00e+000 -1.#IND00e+000 -1.#IND00e+000 -1.#IND00e+000
        189600000  -1.#IND00e+000 -1.#IND00e+000 -1.#IND00e+000 -1.#IND00e+000
        189800000  -1.#IND00e+000 -1.#IND00e+000 -1.#IND00e+000 -1.#IND00e+000
        190000000  -1.#IND00e+000 -1.#IND00e+000 -1.#IND00e+000 -1.#IND00e+000
        190200000  -1.#IND00e+000 -1.#IND00e+000 -1.#IND00e+000 -1.#IND00e+000
        190400000  -1.#IND00e+000 -1.#IND00e+000 -1.#IND00e+000 -1.#IND00e+000
        190600000  -1.#IND00e+000 -1.#IND00e+000 -1.#IND00e+000 -1.#IND00e+000
        190800000  -1.#IND00e+000 -1.#IND00e+000 -1.#IND00e+000 -1.#IND00e+000
        191000000  -1.#IND00e+000 -1.#IND00e+000 -1.#IND00e+000 -1.#IND00e+000
        191200000  -1.#IND00e+000 -1.#IND00e+000 -1.#IND00e+000 -1.#IND00e+000
        191400000  -1.#IND00e+000 -1.#IND00e+000 -1.#IND00e+000 -1.#IND00e+000
        191600000  -1.#IND00e+000 -1.#IND00e+000 -1.#IND00e+000 -1.#IND00e+000
        191800000  -1.#IND00e+000 -1.#IND00e+000 -1.#IND00e+000 -1.#IND00e+000
        192000000  -1.#IND00e+000 -1.#IND00e+000 -1.#IND00e+000 -1.#IND00e+000
        192200000  -1.#IND00e+000 -1.#IND00e+000 -1.#IND00e+000 -1.#IND00e+000
        192400000  -1.#IND00e+000 -1.#IND00e+000 -1.#IND00e+000 -1.#IND00e+000
        192600000  -1.#IND00e+000 -1.#IND00e+000 -1.#IND00e+000 -1.#IND00e+000
        192800000  -1.#IND00e+000 -1.#IND00e+000 -1.#IND00e+000 -1.#IND00e+000
        193000000  -1.#IND00e+000 -1.#IND00e+000 -1.#IND00e+000 -1.#IND00e+000
        193200000  -1.#IND00e+000 -1.#IND00e+000 -1.#IND00e+000 -1.#IND00e+000
        193400000  -1.#IND00e+000 -1.#IND00e+000 -1.#IND00e+000 -1.#IND00e+000
        193600000  -1.#IND00e+000 -1.#IND00e+000 -1.#IND00e+000 -1.#IND00e+000
        193800000  -1.#IND00e+000 -1.#IND00e+000 -1.#IND00e+000 -1.#IND00e+000
        194000000  -1.#IND00e+000 -1.#IND00e+000 -1.#IND00e+000 -1.#IND00e+000
        194200000  -1.#IND00e+000 -1.#IND00e+000 -1.#IND00e+000 -1.#IND00e+000
        194400000  -1.#IND00e+000 -1.#IND00e+000 -1.#IND00e+000 -1.#IND00e+000
        194600000  -1.#IND00e+000 -1.#IND00e+000 -1.#IND00e+000 -1.#IND00e+000
        194800000  -1.#IND00e+000 -1.#IND00e+000 -1.#IND00e+000 -1.#IND00e+000
        195000000  -1.#IND00e+000 -1.#IND00e+000 -1.#IND00e+000 -1.#IND00e+000
        195200000  -1.#IND00e+000 -1.#IND00e+000 -1.#IND00e+000 -1.#IND00e+000
        195400000  -1.#IND00e+000 -1.#IND00e+000 -1.#IND00e+000 -1.#IND00e+000
        195600000  -1.#IND00e+000 -1.#IND00e+000 -1.#IND00e+000 -1.#IND00e+000
        195800000  -1.#IND00e+000 -1.#IND00e+000 -1.#IND00e+000 -1.#IND00e+000
        196000000  -1.#IND00e+000 -1.#IND00e+000 -1.#IND00e+000 -1.#IND00e+000
        196200000  -1.#IND00e+000 -1.#IND00e+000 -1.#IND00e+000 -1.#IND00e+000
        196400000  -1.#IND00e+000 -1.#IND00e+000 -1.#IND00e+000 -1.#IND00e+000
        196600000  -1.#IND00e+000 -1.#IND00e+000 -1.#IND00e+000 -1.#IND00e+000
        196800000  -1.#IND00e+000 -1.#IND00e+000 -1.#IND00e+000 -1.#IND00e+000
        197000000  -1.#IND00e+000 -1.#IND00e+000 -1.#IND00e+000 -1.#IND00e+000
        197200000  -1.#IND00e+000 -1.#IND00e+000 -1.#IND00e+000 -1.#IND00e+000
        197400000  -1.#IND00e+000 -1.#IND00e+000 -1.#IND00e+000 -1.#IND00e+000
        197600000  -1.#IND00e+000 -1.#IND00e+000 -1.#IND00e+000 -1.#IND00e+000
        197800000  -1.#IND00e+000 -1.#IND00e+000 -1.#IND00e+000 -1.#IND00e+000
        198000000  -1.#IND00e+000 -1.#IND00e+000 -1.#IND00e+000 -1.#IND00e+000
        198200000  -1.#IND00e+000 -1.#IND00e+000 -1.#IND00e+000 -1.#IND00e+000
        198400000  -1.#IND00e+000 -1.#IND00e+000 -1.#IND00e+000 -1.#IND00e+000
        198600000  -1.#IND00e+000 -1.#IND00e+000 -1.#IND00e+000 -1.#IND00e+000
        198800000  -1.#IND00e+000 -1.#IND00e+000 -1.#IND00e+000 -1.#IND00e+000
        199000000  -1.#IND00e+000 -1.#IND00e+000 -1.#IND00e+000 -1.#IND00e+000
        199200000  -1.#IND00e+000 -1.#IND00e+000 -1.#IND00e+000 -1.#IND00e+000
        199400000  -1.#IND00e+000 -1.#IND00e+000 -1.#IND00e+000 -1.#IND00e+000
        199600000  -1.#IND00e+000 -1.#IND00e+000 -1.#IND00e+000 -1.#IND00e+000
        199800000  -1.#IND00e+000 -1.#IND00e+000 -1.#IND00e+000 -1.#IND00e+000
        200000000  -1.#IND00e+000 -1.#IND00e+000 -1.#IND00e+000 -1.#IND00e+000
