462639 201 5 39.476926421373008 63241.077088070931 1
0 0.01 20000000 4 20
0  7  8  9  
#
# HNBody body-specific file (Bodycentric coordinates).
#
# Line 3 encodes the data type for each column as follows:
#
#  0-Time (= Epoch)  1-x1 2-x2 3-x3   4-v1 5-v2 6-v3
#  7-SemiMajorAxis   8-Eccentricity   9-Inclination
# 10-LongAscendNode 11-ArgPeriapse   12-LongPeriapse
# 13-TimePeriapse   14-PeriDistance  15-MeanAnomaly
# 16-TrueAnomaly    17-MeanLongitude 18-TrueLongitude
# 19-MeanLatitude   20-TrueLatitude  21-Mass
# 22-EncRadius      23-CaptRadius    24-IdTag
# 25-JacIndex
#
 0  5.2033630099999977  0.048392659999999525  1.3052999999999999
 200000  5.2012211982346956  0.053589673888175406  1.2080017777478647
 400000  5.2011538322667281  0.027322365665552951  1.5810768425771815
 600000  5.2007301737505411  0.05589303644781126  1.7936745344628702
 800000  5.2005129064428006  0.034872984229855394  1.8897549294067044
 1000000  5.2028326053434428  0.040398932927458289  1.7508183232845242
 1200000  5.2017085582669589  0.056683902014695323  1.4245649220064964
 1400000  5.2013168442309778  0.027740067927995774  1.3198899857008586
 1600000  5.2009148514245123  0.053807516003290742  1.3891640073284981
 1800000  5.2005780015655763  0.043192693139423054  1.7618761160187926
 2000000  5.2021942282875688  0.031706911372631867  1.8384776405480057
 2200000  5.2017722158443371  0.056591288419105698  1.8985694448655517
 2400000  5.2015798742559261  0.033969136787405006  1.5295637363804784
 2600000  5.2012892288204355  0.048755973353867894  1.3151517489033118
 2800000  5.2002294875904109  0.05128150305814573  1.1841798644109003
 3000000  5.2017959914128369  0.024363029957173401  1.5621805563669469
 3200000  5.201214977982497  0.054436465599827712  1.8251675985870865
 3400000  5.2020662220430705  0.040080309220571167  2.0060806225924948
 3600000  5.2015444155667474  0.040789764222569296  1.9046810773889076
 3800000  5.2004359115587722  0.057554822761836988  1.5249448730217301
 4000000  5.2020625614675948  0.02342338905191969  1.2697500732911184
 4200000  5.2003700926486616  0.051134201257110011  1.1722240786390548
 4400000  5.2020469868156995  0.044678393868176368  1.5675674020198853
 4600000  5.2016147298228184  0.032070445457266249  1.7887776881597175
 4800000  5.201205861667904  0.060249490182335282  2.0056843316910888
 5000000  5.2021292196790911  0.03049908467741266  1.7605131345341889
 5200000  5.2000543693781047  0.046616862716830298  1.5498498014938966
 5400000  5.2016727369334177  0.048755144822173281  1.2408250660855003
 5600000  5.2014884105135817  0.026053975472838067  1.3914397306773791
 5800000  5.201538940395972  0.058174918480805735  1.6010571742183599
 6000000  5.2020899451943148  0.040700705460364223  1.8515279159809732
 6200000  5.200252908826422  0.040283735585041745  1.8573801892637025
 6400000  5.201210940867651  0.05288918483596862  1.5944924278734656
 6600000  5.201246937097693  0.0247807270043327  1.383149793325634
 6800000  5.2015448548319974  0.051902431017036295  1.2284594275736325
 7000000  5.2017110620070266  0.04984158291436866  1.5519960823222336
 7200000  5.2010916009541033  0.033214845747520219  1.7628381650034537
 7400000  5.2012989668575935  0.056197395178163058  2.0158825577025885
 7600000  5.2010177304994807  0.028555863761146171  1.8035534724176507
 7800000  5.2015709960432366  0.043660118052892855  1.579440449584965
 8000000  5.2015647937977274  0.055223016842676234  1.1809976413081849
 8200000  5.2014466078031552  0.028016129549917283  1.2499471031449352
 8400000  5.2013222537824726  0.057427369003256172  1.5136802799405686
 8600000  5.2007354776511079  0.036371759588678117  1.8842834088152705
 8800000  5.2015451168785924  0.035783003165662922  2.0038947290811016
 9000000  5.2014483256523922  0.056439193908681032  1.8307681820100297
 9200000  5.2011318706014196  0.027757640773720168  1.5721085011675464
 9400000  5.201814151296972  0.054984513437723821  1.1925210109910183
 9600000  5.2012601563723662  0.046058632723481915  1.3261774103954711
 9800000  5.2010549962847863  0.029435200161926394  1.5234569927060579
 10000000  5.2014039852331804  0.055018927705587188  1.8868687411352589
 10200000  5.2004986606297301  0.032869293978210597  1.8263067200454774
 10400000  5.2021014686515645  0.048450493739331177  1.7498123044414275
 10600000  5.201636175805489  0.054451244518614009  1.3917572778148017
 10800000  5.2008971012886303  0.025450609490644732  1.3147566266243298
 11000000  5.2017129547515104  0.052534065576401598  1.4312782469659919
 11200000  5.200219799314179  0.039755529649985029  1.7549463054445382
 11400000  5.2021230481191187  0.038728058048765716  1.9061670660046182
 11600000  5.2017474650262594  0.059324798928503737  1.7946313792362085
 11800000  5.2009091871254656  0.02728613208737464  1.5882141978502549
 12000000  5.2018755341947251  0.049584681135548682  1.2023598045168042
 12200000  5.200039615232452  0.046002358093849074  1.2931006073441744
 12400000  5.2015839604010159  0.028233553982727963  1.5105301657496666
 12600000  5.2013517531996794  0.059483240045463869  1.9329074206590127
 12800000  5.2012530658014171  0.034878030885197885  1.9463455255819142
 13000000  5.2020995697358803  0.045409096084709659  1.8998933912185756
 13200000  5.2003246545967503  0.051439324391096129  1.4975262217399159
 13400000  5.2014443099490029  0.021949789675433772  1.229393094276606
 13600000  5.2007245287462096  0.055582754287825671  1.2058728542859194
 13800000  5.2013541509433256  0.043077256702495806  1.5827320662969708
 14000000  5.2024584467972703  0.039209176221240261  1.8659539832694232
 14200000  5.2005897488540231  0.056237598290323584  1.9197070227990547
 14400000  5.2015365854738951  0.024245772161921895  1.8240541448291416
 14600000  5.200565541579337  0.049257722905399821  1.4313454435750683
 14800000  5.2009980594461132  0.049113095075742401  1.3204635575453392
 15000000  5.2026419929551535  0.032082434377210159  1.3250848256854277
 15200000  5.201143034691964  0.058766491421404207  1.7144841910688717
 15400000  5.2018369978381225  0.032339960254713418  1.7990995939110066
 15600000  5.2005738971879998  0.041663598685234469  1.8737749958898167
 15800000  5.2006448366903291  0.052941209380666245  1.567638684837563
 16000000  5.202649564042356  0.027447917686923583  1.3485191046155172
 16200000  5.2016368244610778  0.057532820957915586  1.2608995286245268
 16400000  5.2017782106900761  0.042074042363790101  1.5567632846797756
 16600000  5.2008313701804632  0.034237272077227446  1.8445856628419666
 16800000  5.2002492869052022  0.054932708957006783  1.9385766653705832
 17000000  5.2023266493247098  0.027956798739353528  1.8683040211892405
 17200000  5.2012865168025231  0.051798233393960148  1.4515681451410252
 17400000  5.2016797299263358  0.051088020811107415  1.2478184980688096
 17600000  5.201487250718464  0.028477733157642765  1.1852001337635374
 17800000  5.2001885669269869  0.055524737730284511  1.6346388114107755
 18000000  5.2020834549481938  0.032610678711732052  1.8411414079255071
 18200000  5.2008690889997213  0.043059616228177985  2.0407017574219068
 18400000  5.201497399515449  0.056724237776552194  1.8004052250558678
 18600000  5.2016007509358397  0.026312033088552719  1.5072803655796496
 18800000  5.2005352083088781  0.054694959853937554  1.2165564769893038
 19000000  5.2019773621260867  0.03958603016372142  1.3120209652953343
 19200000  5.2008634232826711  0.034027639463575246  1.6027179560376652
 19400000  5.2014400119747339  0.057969711348527526  1.8314366883138073
 19600000  5.2011621091376989  0.029499533749785273  1.9104453254618678
 19800000  5.2011320272668033  0.051601168145902931  1.6260542308147801
 20000000  5.2020431287584001  0.047411855054306812  1.4497639645096225
 20200000  5.2007883737712257  0.026650312260265853  1.2358338667942741
 20400000  5.2014072967547724  0.0557820590581675  1.5368279567966108
 20600000  5.2004270072637508  0.036945421445280333  1.7133677363006055
 20800000  5.2016016920407591  0.045739502883741213  1.9492190907035425
 21000000  5.2019977400156323  0.054310706667054426  1.7747497111108033
 21200000  5.2008227693793403  0.0233274722835351  1.5263774966744161
 21400000  5.2014409943704099  0.051594671084703489  1.2219795799363915
 21600000  5.200319804257842  0.044600322782065195  1.2857011066158914
 21800000  5.2015739228075528  0.037029772697115618  1.5945817160618392
 22000000  5.2018203619612784  0.058852107451567527  1.885694470095691
 22200000  5.2011355306960345  0.026469225995281051  2.0355463565573655
 22400000  5.2016394550527814  0.04690517526180215  1.7817367937733823
 22600000  5.2007082064860857  0.049712704478893144  1.5380797433429307
 22800000  5.2012735021681467  0.027902093934818788  1.1298552156441457
 23000000  5.2012619606923005  0.059611677602298553  1.3163389105941943
 23200000  5.2014829575679693  0.034616292773493033  1.5465272950343096
 23400000  5.2015981722446174  0.041984683193179953  1.9324834941109095
 23600000  5.2013500578277645  0.052739984414419225  1.9044365426729215
 23800000  5.2009413078384519  0.024641214223654589  1.7764528511266695
 24000000  5.2009281692272022  0.056195599973788535  1.4454827816258835
 24200000  5.2014676619581381  0.043680978260653536  1.2633795521546487
 24400000  5.2015252293716845  0.036207084992990857  1.408870347545641
 24600000  5.2016383317215853  0.054787403438123473  1.672501245456584
 24800000  5.201414476643647  0.029222411038069777  1.8896025733723181
 25000000  5.2009076725972951  0.049092603172435349  1.7657620386668293
 25200000  5.200783346926201  0.051326431399368905  1.6190475707200827
 25400000  5.2016720197611042  0.029715620415252757  1.2434992243783538
 25600000  5.2018038013523755  0.055990966251950103  1.3527742815058033
 25800000  5.2020580269545524  0.036005013874355195  1.5210279068487675
 26000000  5.2007477216832125  0.039770438209064493  1.9125446227837759
 26200000  5.200314991807323  0.056185134206378447  1.918611863588743
 26400000  5.2016301559873988  0.026270732693423896  1.8139264823080061
 26600000  5.2014324640392537  0.05517495207564771  1.4635395931666915
 26800000  5.2023747038566786  0.042844950700640136  1.1730665625076846
 27000000  5.201198244803523  0.030767042039235398  1.2655696520430129
 27200000  5.200156992863441  0.057758882946547803  1.6115609773804411
 27400000  5.201550564704716  0.029655982377710333  1.9495120020254721
 27600000  5.2009506067010811  0.051199148250260208  1.9406226653990735
 27800000  5.2022621331228205  0.049366768715174252  1.8521349225582349
 28000000  5.2014602050929417  0.025352251105928352  1.4021736778594163
 28200000  5.2005027536154467  0.056231190168887203  1.2702406322833548
 28400000  5.2014887658459177  0.03723317532731886  1.2773639901247067
 28600000  5.2005082436485219  0.043525201256359412  1.6958514325426766
 28800000  5.201869196515605  0.054718089734421688  1.8258108512255025
 29000000  5.2014584887801378  0.024799860268670353  1.8815287559634295
 29200000  5.2008966295386321  0.052361689347924997  1.6449258394520441
 29400000  5.2016137898654389  0.045288245387497796  1.3721122003589237
 29600000  5.2003744733631105  0.034054565606078967  1.3115682085294265
 29800000  5.2015699166774576  0.057755850644459539  1.5036418807123171
 30000000  5.2011644204283263  0.028981781774757739  1.8267724031145571
 30200000  5.2015717518802314  0.047323653280146309  1.8580445384518294
 30400000  5.2019143776675909  0.051488525980213647  1.8323807191350625
 30600000  5.2007103862708082  0.026495986030390214  1.4191186729038561
 30800000  5.2009905113266388  0.057565186751993257  1.2721353504673798
 31000000  5.2010180148578637  0.037023066886439991  1.2437608865929373
 31200000  5.201512965051573  0.041247080515334177  1.6871467489415786
 31400000  5.2021018746619978  0.05535810584667409  1.8817703206187559
 31600000  5.2010238697678446  0.024567013258771749  2.0150934540403433
 31800000  5.2010656811983171  0.053755217216345567  1.7917232202909203
 32000000  5.2010275619461348  0.045801418207843364  1.4241157771760049
 32200000  5.2010730464649795  0.034098662750958013  1.1944069576363159
 32400000  5.2017999265843287  0.056926256369465821  1.278471354351141
 32600000  5.2011547117689281  0.029040602969337942  1.6651728459883162
 32800000  5.2009186468385193  0.047427846003518133  1.860050809134413
 33000000  5.2015839621976978  0.052329120358563352  1.9789826813415674
 33200000  5.2003846471413429  0.027376118333474767  1.6643161830388757
 33400000  5.2016621286275466  0.056605672056768822  1.4662394052646659
 33600000  5.2011898493143374  0.036265465930148344  1.2144195417437598
 33800000  5.2010261432224389  0.039851619448329871  1.4838638459186202
 34000000  5.2019608142950506  0.055857232333916679  1.6679847341542173
 34200000  5.2004722390424369  0.02664733344825972  1.8926645549520729
 34400000  5.20153983724905  0.053908239695744729  1.7823383210680754
 34600000  5.2009766012130481  0.043952872138385016  1.5152136624547863
 34800000  5.2011514575519202  0.031881057921676739  1.2980786408445413
 35000000  5.2023533942784246  0.056792427624122448  1.3056930390431003
 35200000  5.2009471875136821  0.033025623400249858  1.6420330355128998
 35400000  5.2013291544551583  0.048223274001105376  1.8434595129503697
 35600000  5.200422562945862  0.051015026805947244  2.0028459594925785
 35800000  5.2012584954006984  0.025118635875345775  1.7057800106496603
 36000000  5.2019670127096562  0.055470396877696788  1.4704632493030556
 36200000  5.2015515875615304  0.040219612970091169  1.1164767128285542
 36400000  5.2014187444672029  0.039823081809458802  1.3545786405866793
 36600000  5.2000217632070793  0.056583437743194499  1.6211297782742593
 36800000  5.2014667220974005  0.023693177996476602  1.9680221945215592
 37000000  5.2014681115080377  0.05252181621281328  1.9659234519969195
 37200000  5.2020585293725317  0.045712457734820633  1.7531027180680396
 37400000  5.2015351176782545  0.031519742490280382  1.440037283951294
 37600000  5.2004963437956402  0.058882075083494231  1.1875353077603039
 37800000  5.2014640243781232  0.029622515755674372  1.3996379083728256
 38000000  5.2008363194275695  0.047611214252433469  1.6396560078684879
 38200000  5.2017167429852949  0.049872025410645192  1.9261360682243367
 38400000  5.2019100808016301  0.026737856112630763  1.7870474950227491
 38600000  5.2011663216004687  0.057332756446420163  1.6683822841641034
 38800000  5.2014354206134445  0.039333782573358539  1.2971053626076077
 39000000  5.2006741738911826  0.040620694777125363  1.3658731509063551
 39200000  5.201108191290853  0.053436686968252232  1.517445932670527
 39400000  5.201954745963179  0.026027662531505465  1.8514103990288251
 39600000  5.2016330724203623  0.0521917631985594  1.8863214743175534
 39800000  5.2016018767036254  0.049029107423594918  1.7348710727083398
 40000000  5.2008827865233531  0.032614605363796359  1.4603358685387822
 40200000  5.2006909286276999  0.056075173810781094  1.1780816496244648
 40400000  5.201693970287697  0.028956472250696572  1.3643291647782343
 40600000  5.2018814594221272  0.044938041217659215  1.6451474632223617
 40800000  5.2021948658732446  0.055485402646482412  1.9911714762969897
 41000000  5.2013112299351825  0.02688553260941106  1.9203606891958447
 41200000  5.2002767540511075  0.056731612001199722  1.8089058059041847
 41400000  5.201306160783691  0.035526782817100311  1.3473077500390318
 41600000  5.2014669229426964  0.037513590326246231  1.2110766075047488
 41800000  5.2025396863453928  0.057315297091155758  1.2824979549829054
 42000000  5.2009265089071546  0.027486402164628665  1.7199936304006509
 42200000  5.2005240658664924  0.054047266054470224  1.8984529220677262
 42400000  5.2013717954880727  0.044408416238563578  1.9034181189783415
 42600000  5.2008786534205038  0.030595809576618574  1.7063505511038017
 42800000  5.2026879373913353  0.055884278387982669  1.3475191778656768
 43000000  5.2009153280922131  0.033710398433074537  1.3065043271594465
 43200000  5.2010313636677346  0.048055319334474794  1.4336094991946284
 43400000  5.2014309029646277  0.052767323587560588  1.7966658194824476
 43600000  5.2004217687991181  0.025202141199031223  1.8107644109878578
 43800000  5.2027343363816225  0.053017493164773645  1.813347110044355
 44000000  5.2004441518136986  0.040540767721732603  1.4426993563239745
 44200000  5.2015270313218043  0.039507749508813778  1.3156692105619234
 44400000  5.2019175685243821  0.058418534034920873  1.3102093690596663
 44600000  5.2001388463573122  0.025494150440149944  1.6954887074239204
 44800000  5.2026453094439162  0.049732371121907197  1.8922415542722226
 45000000  5.2003011799194567  0.045993407795737261  1.9368554211555189
 45200000  5.2015255436434664  0.030016041873056516  1.7531869724826621
 45400000  5.2020094955045941  0.060017064676481685  1.3419140240328555
 45600000  5.2006381151633194  0.033170370914345687  1.2007412039504457
 45800000  5.2023796890660119  0.045445104358743577  1.3038971604464367
 46000000  5.2001939635134153  0.050577737403050445  1.7537535595743516
 46200000  5.201062461672131  0.023290789776989496  1.9038440322001611
 46400000  5.2019182954237104  0.057274386120530679  2.0166870721702446
 46600000  5.2011126645364421  0.042661796052324862  1.6749292222114192
 46800000  5.2022237367254727  0.039396407863326863  1.4141157683868175
 47000000  5.2003478223519926  0.054772705941987604  1.1810124872011507
 47200000  5.2011004743114082  0.023679460955063101  1.4407900217187068
 47400000  5.2016449919578083  0.051196844735321566  1.6887466848791517
 47600000  5.2013161158809567  0.049779336344005887  1.8870241169767741
 47800000  5.2022740461183901  0.032512946070547097  1.8417224170672697
 48000000  5.2007316623316129  0.057331080824879095  1.537077633324702
 48200000  5.201005448740128  0.030288908678870814  1.3685824591786282
 48400000  5.2013751956862544  0.043138147278013281  1.2932511764563235
 48600000  5.200756296788045  0.053836845113610525  1.638510200441986
 48800000  5.202510892813768  0.028127781635941991  1.7840325145656732
 49000000  5.2012532612890023  0.057002385582491204  1.945931453722904
 49200000  5.2008314776349316  0.039744880772028091  1.6659581532352363
 49400000  5.201355363254125  0.034862715060552954  1.4307916874246331
 49600000  5.2002317493544856  0.055315420496955058  1.1631091661300206
 49800000  5.2023393287583923  0.028254211453049134  1.4099495478303787
 50000000  5.2014975049596774  0.05285905828865195  1.6928911060447254
 50200000  5.2010389392437855  0.049635287208126842  1.9645451213239378
 50400000  5.201654714446156  0.02799710954463944  1.9839006502060914
 50600000  5.1999072635761561  0.055316529257223558  1.6792394249176477
 50800000  5.2018875151793171  0.03211357328182389  1.39419641900481
 51000000  5.201569466944826  0.045384261067145257  1.1192161856883558
 51200000  5.2015581824693795  0.056679142358465662  1.4199432101024396
 51400000  5.2018428184065906  0.02540214381928008  1.6669501013598238
 51600000  5.1999870049364318  0.05382381711108835  1.9845009147598411
 51800000  5.2016890361880153  0.038488949973165758  1.8452676844346627
 52000000  5.2012774278820206  0.036257601872289165  1.6872631396544318
 52200000  5.2018027737326165  0.05905425325936503  1.3250854085776473
 52400000  5.2018206220034955  0.029157222089220766  1.3120765873159135
 52600000  5.2004361161697465  0.05080745066160533  1.4929653761091131
 52800000  5.2016754804430736  0.045824759832778457  1.7800991821035355
 53000000  5.2010409654069019  0.027779612149548633  1.8813240990106099
 53200000  5.2015953991699835  0.057155641357876423  1.7062533141124363
 53400000  5.2014481596481632  0.037154713274311836  1.4976201840665624
 53600000  5.2010956779755197  0.045695963158822343  1.2122201236240904
 53800000  5.2018742781982246  0.052855643732934152  1.4328150685222389
 54000000  5.2007546458577556  0.022558944413380085  1.6444022922369361
 54200000  5.2015084109057401  0.05267163505448403  1.9796887416350413
 54400000  5.2013193130191091  0.044635189205554995  1.8752248940032872
 54600000  5.2014902709278079  0.03848154224185512  1.7257541748034275
 54800000  5.2022340192693157  0.058218355849274234  1.3116297948576396
 55000000  5.2006977324659225  0.024573011417906493  1.184071383039055
 55200000  5.2011263101026701  0.047283099836014586  1.3567132683855025
 55400000  5.2013128042521286  0.049233691676007642  1.756451775470816
 55600000  5.2010556463821116  0.030028981714485491  1.9808885708296613
 55800000  5.2025274031452193  0.060254633878724574  1.9067692858333234
 56000000  5.2010999503668467  0.033099156603116728  1.7253799848106472
 56200000  5.2008546361535899  0.041719748145291571  1.2880474814459795
 56400000  5.2014580752009225  0.051847609475863733  1.2670122671089823
 56600000  5.200543166451002  0.025363479241285403  1.3898077359025252
 56800000  5.2026033795921327  0.05780623845635597  1.7983452412129899
 57000000  5.2015217166250718  0.043290339111324405  1.8358752875538191
 57200000  5.2007653593928485  0.035880001944032854  1.8361167779066665
 57400000  5.2016514786751218  0.053503559246757031  1.5097665737448092
 57600000  5.2003376402107389  0.02797269732873536  1.3328962485293652
 57800000  5.2026202474106924  0.050887524018202596  1.3381510623824637
 58000000  5.2010613451388821  0.051621500331195169  1.6410250102816
 58200000  5.2012778078038178  0.03004845295830532  1.877310986806985
 58400000  5.2018041599639213  0.054877027551793349  1.8522645793894426
 58600000  5.2006632863564048  0.03389766576625778  1.7223957869868116
 58800000  5.2022261970521191  0.041064364584836748  1.3078416612352388
 59000000  5.2004210439318781  0.056680787690810523  1.2542372370640518
 59200000  5.2016930041091127  0.027168700982523861  1.3609608783094154
 59400000  5.2016930138892405  0.055048492442388693  1.8171442538437108
 59600000  5.2010355503882426  0.040860543036935912  1.9280058346586266
 59800000  5.2024682153604696  0.031119864034495577  1.9897430142409398
 60000000  5.1999203278681838  0.058055159120597985  1.651882611684274
 60200000  5.2017453275353569  0.029736074742426458  1.3243226949048057
 60400000  5.2017845349139762  0.052559942520390736  1.1620432611208042
 60600000  5.2012293362191988  0.048163207077196443  1.426628578320585
 60800000  5.2029816106196991  0.024907011467049264  1.7621766987427341
 61000000  5.199746260321529  0.056065831630063415  1.9168348204268966
 61200000  5.2013203272051811  0.036170938771397175  1.9135781842104078
 61400000  5.2015226745489134  0.04585936209437342  1.5524006318109524
 61600000  5.2013295408606233  0.054774733576569361  1.3775190627033622
 61800000  5.2034150842704374  0.024430694755054192  1.2460228777488256
 62000000  5.2000907290697782  0.051899512403596339  1.5988731477303972
 62200000  5.2009747220094207  0.043532704567256671  1.7418201083628615
 62400000  5.201273651606269  0.036190973988544241  1.9046612218702599
 62600000  5.2012168855126895  0.058729107777174216  1.6748306075332944
 62800000  5.2037575817182926  0.028970262451989557  1.4255869126581431
 63000000  5.2004707814647055  0.046788751652361217  1.2425774442271023
 63200000  5.2006791188260113  0.049734720554198593  1.4267388974955728
 63400000  5.201374321400694  0.027070112852571368  1.7361578534121855
 63600000  5.2005810601250966  0.058805946196288303  1.913051598930366
 63800000  5.203583705739109  0.036597728249884789  1.9551248741742147
 64000000  5.2011132220585958  0.041524453711554103  1.5926450591633419
 64200000  5.2010571070601967  0.054100732398015619  1.349684300869572
 64400000  5.2014397005126201  0.023352110821450368  1.1118182373583363
 64600000  5.2001558514777244  0.054751108886011632  1.4814670832837986
 64800000  5.2035007502764197  0.044942915434176188  1.7327028524145314
 65000000  5.2008978917105972  0.035410190488227231  2.0260197307808827
 65200000  5.2015523269940269  0.056624087215532824  1.8942810987660563
 65400000  5.2015131240614636  0.027796837437901605  1.6508290863258839
 65600000  5.1999061062607641  0.047500390101392551  1.3092926592256464
 65800000  5.2030192576072034  0.051521459802282558  1.2376641551010088
 66000000  5.2005333615775964  0.028906241652199689  1.4913965884236924
 66200000  5.2019683428153165  0.057353019426417622  1.7516640842885782
 66400000  5.2019227964698862  0.03613670937049588  1.9283044926354374
 66600000  5.2001064143080074  0.039166938694065699  1.7242644691333646
 66800000  5.2029259972794346  0.055115386275146748  1.5598796398759573
 67000000  5.2002376324510751  0.026724872482045973  1.2397642894397438
 67200000  5.2019558422279513  0.055138639600822936  1.4414580609211256
 67400000  5.2019244193785612  0.044650888876124034  1.6124791579958837
 67600000  5.2002666261704276  0.03104164555858412  1.9200598715579016
 67800000  5.2028324946756799  0.056013830271395566  1.8356041769383631
 68000000  5.2002719333743581  0.03189877136077171  1.6502883548701079
 68200000  5.2014201008709051  0.049267416348974497  1.324303345978826
 68400000  5.2014717073471548  0.051820824835688846  1.2042799474309132
 68600000  5.2007274792106841  0.025210673754229296  1.4566170184186611
 68800000  5.2027257800972526  0.054900764917581307  1.7789871839580298
 69000000  5.2009644140266511  0.039256111581356549  2.0206007777423016
 69200000  5.2010477682622813  0.040166006118308319  1.8731775475084498
 69400000  5.2010945015617569  0.056930438459582997  1.6854567311621083
 69600000  5.201026233157517  0.024733959868109875  1.2231728451201425
 69800000  5.2028597066365485  0.052427304562284942  1.2399153776050054
 70000000  5.2015604660171482  0.045594452587275423  1.4001784044489141
 70200000  5.2008750748489785  0.030475100859657944  1.8376412533525099
 70400000  5.2008663778040365  0.058691355751596813  1.9051729577707117
 70600000  5.200774215493623  0.030530464654979883  1.86164014044611
 70800000  5.2025961366347655  0.047996481975612085  1.5782888041731777
 71000000  5.2017271885979799  0.050619012282197319  1.30064146094543
 71200000  5.2013420138024493  0.025441762835183047  1.3300294945157884
 71400000  5.2009959991053956  0.056470350281379172  1.5562687073452963
 71600000  5.2003915378861878  0.039530556319362517  1.850037056910826
 71800000  5.2025224895936466  0.0410250276129469  1.8012617149875365
 72000000  5.2014307706262013  0.054492358548162374  1.7266943096888328
 72200000  5.2017313614214364  0.026632163111419308  1.3327819903485034
 72400000  5.2014353743033341  0.050814977663127925  1.3099169977838951
 72600000  5.2000700389919592  0.048459543450391468  1.39515339006933
 72800000  5.2024318408822117  0.032244624916701041  1.8122904218648315
 73000000  5.2009837392695122  0.057000905117516924  1.9152811336687143
 73200000  5.202048236295405  0.030997395701157341  1.9064821138826771
 73400000  5.2016185453094392  0.04356582561478245  1.6149993544667922
 73600000  5.2002069108373021  0.054738459804584645  1.2559325840785192
 73800000  5.2024835146141184  0.025889764080212652  1.1965044513256888
 74000000  5.2004763901111897  0.057018769737909911  1.4497376407671176
 74200000  5.2019173347680381  0.037396710103291896  1.8492725318344669
 74400000  5.2020760192462152  0.036561945171730566  1.9363731792188339
 74600000  5.2009903853850883  0.057050251113968831  1.9509932337775933
 74800000  5.202357210285987  0.027021479724102748  1.5444170545566607
 75000000  5.2000067444319571  0.053362585341060913  1.3395737761721314
 75200000  5.2014001159070578  0.045325984435313438  1.2022358564260149
 75400000  5.2017456914793989  0.030361284900157444  1.5689524630857847
 75600000  5.2016003779589388  0.056397106454802136  1.7546939072759422
 75800000  5.2022566013626204  0.034520470127634893  1.9092903279951421
 76000000  5.2001966569010909  0.046352275401815302  1.7466159367917227
 76200000  5.2011296202046529  0.052770135092846997  1.453874850488017
 76400000  5.2012316318387786  0.025724956762894425  1.3130501708452189
 76600000  5.2016827113372894  0.053637846072273586  1.3899772407254578
 76800000  5.2023498628112668  0.042628800151843185  1.726539450578408
 77000000  5.2007877942613785  0.037398846973322124  1.8415586240499584
 77200000  5.2009938411911429  0.057586087712263895  1.9102032639545869
 77400000  5.200821514800162  0.02572271649636973  1.5512618382448708
 77600000  5.2015362322426384  0.049822567473035158  1.3427755850470351
 77800000  5.2025487951383482  0.048458578742009303  1.1642932685237184
 78000000  5.2009858859729707  0.028820892268549499  1.5378617015214431
 78200000  5.2010449469922797  0.058783226967721224  1.7823393636396492
 78400000  5.2008971807470434  0.032798872307711245  2.0150362393769461
 78600000  5.2011800058344884  0.044812167304354437  1.9031734611369806
 78800000  5.2024063346191793  0.052296758053512304  1.5737886686909175
 79000000  5.2008351552909842  0.023880489643189569  1.2752377194180355
 79200000  5.2014379371662196  0.056298916824893505  1.1772786224104193
 79400000  5.2012730790470814  0.042704549289439196  1.5248233052686226
 79600000  5.2005141621696174  0.038234440919786838  1.7658151776234285
 79800000  5.2024000256135903  0.054942291853543712  1.9924058026796587
 80000000  5.2005360521536508  0.025496588553586788  1.7675572135454869
 80200000  5.2019167561669608  0.050770838448664854  1.5902523063959104
 80400000  5.2017428068005298  0.050740150327001181  1.2466264913418146
 80600000  5.2002355615521818  0.030593143725212237  1.3883901593469385
 80800000  5.2025524421725517  0.056323492570640669  1.5726246239475314
 81000000  5.2002296614136387  0.031852502799248041  1.8517722077645229
 81200000  5.2018794007636826  0.043227826141776941  1.8395772409207241
 81400000  5.2018028004090233  0.055399977100547837  1.634887519606314
 81600000  5.2006095191680215  0.026843894060767017  1.3864454209662838
 81800000  5.2028000227393667  0.055191440588952444  1.2362326742669649
 82000000  5.2001441099892034  0.040402534860224784  1.5188875019043433
 82200000  5.2016134327521346  0.03449952753889228  1.7504187674758533
 82400000  5.201525344283124  0.056812632216094235  2.0070205780552315
 82600000  5.2009784611647296  0.029696702879996737  1.8139159875034108
 82800000  5.2030389857106947  0.051064540577864886  1.6249498179560891
 83000000  5.200036891572374  0.049271490877208127  1.194897402974995
 83200000  5.2015109188780215  0.026862434696556588  1.24729848951822
 83400000  5.2010016754271424  0.056079287052100121  1.4664140199682592
 83600000  5.2010715863417296  0.035096291456675754  1.8781070880582902
 83800000  5.2035072482493838  0.044133800155296034  1.9801413757243416
 84000000  5.2004213310143257  0.056114181416923939  1.8571266115258556
 84200000  5.2014598698637666  0.024172389827972901  1.5931791608394803
 84400000  5.2006969385953727  0.053509605814769601  1.2244426692183847
 84600000  5.2008270286501768  0.040922174795595109  1.3045717637919252
 84800000  5.2035375609945964  0.035626501725105238  1.514247447730408
 85000000  5.201067445205263  0.059201719977812983  1.8676558269818393
 85200000  5.2014349625377214  0.028781984267146409  1.8269443650576673
 85400000  5.2005347859381175  0.049298813100850207  1.7705502647298701
 85600000  5.2004295267132807  0.046888631036674407  1.3964285095702644
 85800000  5.2034486175399035  0.0279847652773819  1.3345317768397609
 86000000  5.2014923679916034  0.058046402539989071  1.3972054840483938
 86200000  5.2013452416856563  0.038067898701449693  1.7569471041078391
 86400000  5.2010052382359806  0.043242628537158163  1.8883030135001839
 86600000  5.2000407761998515  0.052786873237275919  1.8199565404839688
 86800000  5.2026138586806869  0.023215315574190994  1.5958916455867995
 87000000  5.201505152387556  0.053366327750497398  1.2310296352135432
 87200000  5.2015867837617602  0.046825790891848525  1.2716951885394514
 87400000  5.2014654359149137  0.036014636311049862  1.4906827622875178
 87600000  5.2000791134292319  0.057080696874643455  1.9110305108654435
 87800000  5.2020810003067286  0.024725764691768543  1.9428806381912644
 88000000  5.201248612661094  0.046925193726937785  1.9260243207549683
 88200000  5.2017517418335757  0.051890681120046946  1.5052306850863368
 88400000  5.2017819782733969  0.029422116028316715  1.256818199811035
 88600000  5.2004206990520929  0.05869887109289075  1.1847901497901816
 88800000  5.2020222560367637  0.032904842632701249  1.5675990477375279
 89000000  5.2006698454588127  0.040263003549206387  1.8242248815889912
 89200000  5.201757824967042  0.053735446775668536  1.9343935219988464
 89400000  5.2012081448777545  0.026647769401645899  1.819540420465432
 89600000  5.2010818336935474  0.056610074419824859  1.4572913085387451
 89800000  5.2022467163994008  0.043603451058118525  1.3239321078726471
 90000000  5.2003766068045447  0.033692875831905438  1.320601561354956
 90200000  5.2016468740094934  0.053850898015318338  1.6928462119057452
 90400000  5.200835479056515  0.029862319937550258  1.7885920226333394
 90600000  5.2015310171452871  0.050507550332902523  1.8868507080735475
 90800000  5.2023274312345649  0.052825506681863116  1.5684475154934707
 91000000  5.2003715559918069  0.02776610471342118  1.3675268262081561
 91200000  5.2016135068936151  0.053408866921925674  1.2409363755462413
 91400000  5.2008949605382186  0.035706070421541621  1.5549518403698945
 91600000  5.2014275795857694  0.041031265067600652  1.8035382475969839
 91800000  5.2020158174036615  0.058462077511012296  1.9493010879475945
 92000000  5.2009268508611637  0.026311449842839372  1.875127072692728
 92200000  5.2013563266430669  0.052615551834126022  1.483770494611532
 92400000  5.2010119043671299  0.041857331313884583  1.261082122220673
 92600000  5.2010970938516854  0.030637167117676861  1.1828863926287656
 92800000  5.201820768534458  0.059480820165069628  1.6045406819590124
 93000000  5.2014399586835163  0.031631281583839842  1.8233755735101229
 93200000  5.201470145119286  0.049948160180907537  2.0401413521547584
 93400000  5.2012006672417925  0.048167201216309234  1.7992879812466824
 93600000  5.2010982216201294  0.023584988340335625  1.5498609732342752
 93800000  5.2013179312223468  0.056563245582309678  1.2159982067772419
 94000000  5.201419993728492  0.039161830446378353  1.3220322257929493
 94200000  5.2013356708268601  0.044141731053614228  1.5712578460240532
 94400000  5.2015000476727113  0.054276504805379593  1.8338656274079057
 94600000  5.2012522250444961  0.0234686122687102  1.8974674356054975
 94800000  5.2010858264825091  0.05109225332711341  1.6568333547654013
 95000000  5.2007236494155373  0.045705260843998875  1.4604972369216367
 95200000  5.2017547846216319  0.03554337109299073  1.2441009745857967
 95400000  5.2019035905511437  0.058691470365314066  1.5283821389763335
 95600000  5.201691430768193  0.02947983548346661  1.6978893761420999
 95800000  5.2012423643047665  0.044474002865299241  1.9497120942378441
 96000000  5.2001754293438056  0.050726937072953851  1.7646872847788186
 96200000  5.2019250810299527  0.027253835985627035  1.5622595787888165
 96400000  5.2017372332717038  0.059388138153070966  1.2189282566370854
 96600000  5.2019357144902614  0.038042525762996326  1.2793587070550279
 96800000  5.2013203425546468  0.038264382321922377  1.5556662370763488
 97000000  5.2000587249484074  0.05386281992108212  1.8894570759366225
 97200000  5.2017275994123144  0.024362871133568265  2.0167502657437226
 97400000  5.2009827724395699  0.055153747045337223  1.810009207678047
 97600000  5.2016805917832309  0.046896039452178344  1.5540846065472493
 97800000  5.2017271253583406  0.032532436024148702  1.14953757580764
 98000000  5.2002438253246153  0.055527723245138196  1.2983169117639881
 98200000  5.201557125319642  0.028201155247003638  1.5215818010686919
 98400000  5.2006323930912775  0.047026662159732099  1.9163515433599114
 98600000  5.2016320572466137  0.053507364178032243  1.8821410225004604
 98800000  5.2019128575392353  0.028502036059714107  1.7971427494730727
 99000000  5.200932514944637  0.05593358656306241  1.4468399571370683
 99200000  5.2014940113970223  0.036146432138652249  1.2902028843293001
 99400000  5.2007088706705709  0.037574557729557624  1.3782128939947316
 99600000  5.2012483825615234  0.056419271321628335  1.6780021648476597
 99800000  5.2018688770364028  0.028124776051551548  1.8775108376285674
 100000000  5.2012446892113635  0.054116047947892237  1.7788436255284714
 100200000  5.2016166161597353  0.04497408836616134  1.6281258410703865
 100400000  5.2006892258221793  0.028986537424614739  1.2611663077744475
 100600000  5.2008276847525439  0.056267232087937429  1.3437319905207155
 100800000  5.2015680503261619  0.033000336101412661  1.5059599608055687
 101000000  5.2013751984879875  0.049232338498773363  1.9038710202910152
 101200000  5.2018744871656848  0.052820733569297368  1.9108967611522396
 101400000  5.20098547768829  0.023608560747985761  1.8459438914607778
 101600000  5.2007185864338359  0.053830027340062717  1.4647301884207484
 101800000  5.2017757062764156  0.039815594056276306  1.204980143006541
 102000000  5.2011277066187036  0.040811639336930411  1.2327073003334774
 102200000  5.2020438298545866  0.0582018202414918  1.6019799008609987
 102400000  5.2012449636744646  0.024612979118854128  1.9176754808246033
 102600000  5.2005965498594682  0.05050386020236259  1.9511186335951347
 102800000  5.2019254706107878  0.045482914490971166  1.8607648050538963
 103000000  5.2004259196733491  0.030791406191835218  1.4261024011920096
 103200000  5.2017343788991788  0.059736226189719702  1.2861296125968267
 103400000  5.2015617736340163  0.031667563751564161  1.2667076565992637
 103600000  5.2006736628685504  0.046361980423483086  1.6773558086412728
 103800000  5.2022194363803838  0.049916041119922441  1.7986632393628526
 104000000  5.2004658019553061  0.02446153928840596  1.9014500219903852
 104200000  5.201459474992272  0.056980742442037248  1.6350294290155536
 104400000  5.2013421330981977  0.040476828982416266  1.3907065499786568
 104600000  5.200763595712159  0.040483594347999918  1.2944522064036061
 104800000  5.2023259804242912  0.053774769073950728  1.5094854362325802
 105000000  5.2006927777369061  0.025635819104933386  1.7951549250422265
 105200000  5.2013069260345954  0.050645889995455169  1.8712807139743577
 105400000  5.2004293082022572  0.048552788232839546  1.8363594647282857
 105600000  5.2013054495838613  0.03264339446728149  1.4350704697853209
 105800000  5.2021640474955202  0.05688933747612835  1.2760855608172155
 106000000  5.2014017565645885  0.030713489497821499  1.2267337260473914
 106200000  5.2013507902972398  0.042446502387005342  1.666793851801974
 106400000  5.2002045179204242  0.053854963570017962  1.8587063976201552
 106600000  5.2014463832110742  0.026351748923643257  2.0304083370088066
 106800000  5.2018430209498225  0.057490717977525023  1.7975197058649317
 107000000  5.2018451550350839  0.037934669475296619  1.4659106430432973
 107200000  5.2016541004744274  0.034548002640548116  1.1859147902983451
 107400000  5.2004017616759217  0.055849120614884985  1.2785487774070856
 107600000  5.2012947985714248  0.026716632227245032  1.6230135007412012
 107800000  5.2011857551806955  0.054045395406026868  1.8512058158774531
 108000000  5.201722043273139  0.045773604867657372  1.9730626213111195
 108200000  5.2019092381476826  0.028931422709114803  1.6831596226150343
 108400000  5.2010632075769756  0.055068648632226734  1.4916909436680281
 108600000  5.2010184620415263  0.033456358374193147  1.21325904600898
 108800000  5.200954494931473  0.046428825718988466  1.4734529809909815
 109000000  5.2012826592877888  0.053033399136550731  1.6514362938048914
 109200000  5.2019815921597772  0.025852446006023603  1.8998092697788946
 109400000  5.2014909673516847  0.052773724507763957  1.7793859019298413
 109600000  5.2012516821893415  0.041817301072137117  1.5593452045261651
 109800000  5.2010285292780329  0.036451500877605139  1.2989272691538207
 110000000  5.200747614243669  0.057493818051158642  1.3036665007586645
 110200000  5.2016899801542502  0.026491788089353374  1.604822709049184
 110400000  5.2018200030148734  0.049290114221455149  1.8413375170549735
 110600000  5.2018240252740915  0.048540291788417553  2.0003552716068014
 110800000  5.2010301031661079  0.027245174812753768  1.7396825835853287
 111000000  5.200480821501487  0.058045802062243995  1.5124369237852522
 111200000  5.2011902273878015  0.032715057887885403  1.1224821130685878
 111400000  5.2017842515888812  0.044550800931251813  1.328199474148019
 111600000  5.2023031242509994  0.053053997859702627  1.5723536004745076
 111800000  5.2009446205147061  0.022935080609704343  1.9625505772875853
 112000000  5.2004421984721372  0.054823030890617332  1.954230503115463
 112200000  5.2011845251955133  0.042073766965838102  1.7949995788596589
 112400000  5.2011726820279733  0.037977397850037439  1.4706479751533339
 112600000  5.202439573540877  0.055541309606894934  1.2062818888854849
 112800000  5.201011229129926  0.026286372704376938  1.3518521315287095
 113000000  5.2007264600462406  0.048891291399774092  1.6184920077701033
 113200000  5.2014912672274969  0.050003129326458666  1.8994887851557269
 113400000  5.200332923661251  0.030031142378041123  1.8030639398774513
 113600000  5.2024018470920872  0.056216281651895468  1.6970059661982733
 113800000  5.2007521866126307  0.033515099203553188  1.3204188519646045
 114000000  5.2013742749360627  0.041628958323084442  1.3572745415556404
 114200000  5.2016673809311857  0.054812172462431183  1.4675675730994586
 114400000  5.2002522813231389  0.025429963799172787  1.8348438720923395
 114600000  5.2023240413198879  0.054474865148910472  1.8747992248818581
 114800000  5.2005490494463551  0.041660974289174299  1.7768644689323922
 115000000  5.2014131002441673  0.033532391907949211  1.4885405095435105
 115200000  5.2018737572096683  0.056809266339149941  1.2058692599810827
 115400000  5.2006886625509461  0.029148788244074145  1.3115495397736696
 115600000  5.2018186970838025  0.049904907949472103  1.6036246164263024
 115800000  5.2005390880416815  0.04930990424641625  1.9625745161196677
 116000000  5.2012038050120033  0.026371031589519776  1.9346564092775147
 116200000  5.2019342064373504  0.056317681911495505  1.8562526790717748
 116400000  5.2012704871754387  0.036555988313054642  1.3954271335694788
 116600000  5.2016091434678042  0.042323732375554722  1.2298229096186772
 116800000  5.2004150155173532  0.05519767217886315  1.2619525631566457
 117000000  5.2011008002859374  0.024505513904569128  1.6143751561191342
 117200000  5.2017150574910147  0.052753275570021185  1.7129629796968533
 117400000  5.2009572335082437  0.030439167868873372  1.6887557425452058
 117600000  5.2027301040838205  0.060412772547255328  1.9255671846463351
 117800000  5.2015414909236313  0.015571790155001734  3.8547691288714669
 118000000  5.2010826348504011  0.29954563797802891  14.12890055709593
 118200000  5.2107835927496575  0.40316728094702819  77.216969056149978
 118400000  5.1989584587687183  0.73794781937742404  107.60657772093786
 118600000  5.8030578099120218  0.4902031916976119  128.77109064774208
 118800000  5.8076329341497983  0.60890535146002256  90.492344992510638
 119000000  5.8038020376115247  0.50046956709649937  69.415214043309376
 119200000  5.8047811904695532  0.3596428705132198  38.072586634551548
 119400000  5.8054207277888032  0.38282875857281018  21.012683985289993
 119600000  5.806464006823802  0.42369689124413995  15.049085445521104
 119800000  5.8049945742024507  0.40744940817173303  13.012050232770338
 120000000  5.8071283319379647  0.32417861203945886  10.225767532703545
 120200000  5.8092162396215112  0.28954884822976446  10.628043530141872
 120400000  5.808414150714353  0.23051561520010047  13.06524959622015
 120600000  5.8081604358341474  0.19340993368200929  15.909652988367196
 120800000  5.8086034860589582  0.18276214884224917  18.914007444911519
 121000000  5.8095575702076756  0.18953533983076193  22.946082059822686
 121200000  5.8079652984081758  0.20783434549644711  26.727050053397122
 121400000  5.8051305941420788  0.23045027335325957  29.178808506629561
 121600000  5.8062504861864914  0.20833077555409038  27.251937212242098
 121800000  5.8092154348100165  0.17738162164916599  24.166832633213996
 122000000  5.8091215904195721  0.18078857369384685  23.341760980232557
 122200000  5.8071212070803035  0.19436134453174236  25.856119756223013
 122400000  5.8095523000041984  0.20563819965532734  27.416093028515959
 122600000  5.8090742524343666  0.21164703046963154  26.447430494872528
 122800000  5.8049965777432071  0.2093519011285202  24.762791457164116
 123000000  5.8040100671391732  0.237201148804835  26.691652552463204
 123200000  5.8059200490943619  0.22534900790562259  32.732538775629898
 123400000  5.8083608704415424  0.19968092650015126  35.366655931971415
 123600000  5.8056603858327245  0.18017376193868942  33.975250461827045
 123800000  5.8092430039251761  0.18013181047079255  31.38798658740555
 124000000  5.805663673317647  0.18492470957498949  29.460014742631891
 124200000  5.8166276174504858  0.093500656288076786  31.089258361764436
 124400000  5.9241403161270441  0.020952212485573638  29.727158644477562
 124600000  5.7400274818055737  0.076728685357481743  27.141339918817781
 124800000  5.7402399507217758  0.071077948585468551  27.618779411565807
 125000000  5.7404722445389798  0.091388048756518667  30.527355936048366
 125200000  5.7401940240476659  0.092097213726329799  32.531778722107759
 125400000  5.7396770871855249  0.084563408047027236  31.911367561451968
 125600000  5.7392399112529233  0.084024401591403897  29.603036429289908
 125800000  5.7386645989917389  0.077645623658057911  27.770990439322958
 126000000  5.7393196832633828  0.072403930933198371  28.400942224856227
 126200000  5.7394405574690843  0.087214885280373924  31.045908319639633
 126400000  5.7392814450151972  0.089756483195804052  32.956046773378567
 126600000  5.7370874344847129  0.066554748427341229  31.963007929513903
 126800000  5.7382595650384074  0.074882750372564963  29.3837101648597
 127000000  5.7379470783111746  0.093329578218586798  28.257708174257651
 127200000  5.7368972306678341  0.08596272234361832  30.076111276516357
 127400000  5.7365473561592815  0.079814141297507343  32.527937743406675
 127600000  5.7375641795483165  0.08213713991302532  33.45945207380079
 127800000  5.7382958762139538  0.076967616987222306  32.03822154654096
 128000000  5.7371530909275696  0.075670333452207653  29.514997313393
 128200000  5.7364577843626359  0.090225918214177206  28.382523666364015
 128400000  5.7365245799374778  0.083763468221252371  30.566011171360941
 128600000  5.7372202141231687  0.063455800746433505  33.207129911283722
 128800000  5.7383133003126083  0.079546022522501397  33.51662738881582
 129000000  5.736810857407324  0.092993869477677835  31.174846709159858
 129200000  5.7381218159542637  0.083739371318691719  28.6837557572379
 129400000  5.7368749279267117  0.077680207410600721  28.875806474061896
 129600000  5.7366363943208993  0.080163939565702433  31.232472744969613
 
