462639 201 4 39.476926421373008 63241.077088070931 1
0 0.01 20000000 4 20
0  7  8  9  
#
# HNBody body-specific file (Bodycentric coordinates).
#
# Line 3 encodes the data type for each column as follows:
#
#  0-Time (= Epoch)  1-x1 2-x2 3-x3   4-v1 5-v2 6-v3
#  7-SemiMajorAxis   8-Eccentricity   9-Inclination
# 10-LongAscendNode 11-ArgPeriapse   12-LongPeriapse
# 13-TimePeriapse   14-PeriDistance  15-MeanAnomaly
# 16-TrueAnomaly    17-MeanLongitude 18-TrueLongitude
# 19-MeanLatitude   20-TrueLatitude  21-Mass
# 22-EncRadius      23-CaptRadius    24-IdTag
# 25-JacIndex
#
 0  1.5047499999999998  0.09341232999999996  1.8506100000000005
 200000  1.5045585910611603  0.10652326111145513  5.6197106191312951
 400000  1.5047370012831724  0.11099621644220872  4.2839353481914895
 600000  1.5046752325749244  0.10322808435161271  0.53115024153210799
 800000  1.5046032203607409  0.111873934954368  2.6843859348878039
 1000000  1.5041157322201042  0.10921247247354809  1.6706734799159806
 1200000  1.5047073984049038  0.1031993335509888  2.5951200161088828
 1400000  1.5046542557607947  0.11298561817181883  5.6915643232947044
 1600000  1.5049517073671179  0.099992495128015835  1.8253301373061457
 1800000  1.505466061573195  0.08112809179029172  2.5988818488725927
 2000000  1.5054646922115908  0.081490360701632777  4.2265497283901441
 2200000  1.5056418509599812  0.082680198607891511  5.6750417407906619
 2400000  1.5056478413338845  0.064749325756238901  5.2559910696291752
 2600000  1.5054893110011431  0.077520212867788624  5.6696233813592958
 2800000  1.5055912380551693  0.082114943933619539  5.3055823894651652
 3000000  1.5055499329352624  0.089176475862177945  2.6326841745642708
 3200000  1.5055171340664002  0.096910897887080613  3.6262792681248781
 3400000  1.5054026942007728  0.11416510553629824  6.2251830576534903
 3600000  1.5055481575078251  0.11877232651658765  7.1634759709964237
 3800000  1.5054910528315095  0.10113250156458818  5.3047099927655275
 4000000  1.5051508755366048  0.10708557485810977  1.2356323952254171
 4200000  1.5046520637045007  0.093840390249687863  3.286395793373921
 4400000  1.5052789171579299  0.079683122924431207  2.5266748828079653
 4600000  1.5044421055990065  0.088112379842559041  1.6942032225285713
 4800000  1.5049537099295249  0.084282417657464664  3.9285578939343933
 5000000  1.5050743322894589  0.080053504106804452  2.1020218895486362
 5200000  1.5050693615156756  0.080282807780698892  4.5978565576817418
 5400000  1.5046879558391297  0.094146714459942701  1.9734564762491746
 5600000  1.5051539678838297  0.10255478015692479  3.8088823299989372
 5800000  1.503800231076754  0.092831580704215405  4.0689781624283201
 6000000  1.5043433806354598  0.11626031373636  3.6112941534039735
 6200000  1.5036993156242819  0.11468175091741015  2.5754681539694202
 6400000  1.504567666563704  0.090704026491987735  1.9155259770729274
 6600000  1.5040297263870537  0.083415766568805241  2.1872643867842281
 6800000  1.5039518962374669  0.087311595818674037  7.2552035207135379
 7000000  1.5038236960014548  0.074533680239641228  9.0743414712188262
 7200000  1.5039469969481103  0.075817896205295707  5.2953155165863341
 7400000  1.5047529023772703  0.082147269508681592  2.2104890401883277
 7600000  1.5036787856597242  0.065532841188660859  4.1982436915140378
 7800000  1.5037835584372876  0.0684365624085536  6.300678337710381
 8000000  1.5038595905548768  0.082489057269472643  8.0251206671462452
 8200000  1.5037593915382923  0.075283254075350456  5.6238720223129732
 8400000  1.5052359958608947  0.0880840218934974  4.200838520584294
 8600000  1.504158984155793  0.10462604293644366  5.1398366196389986
 8800000  1.505614017326441  0.10083366220088731  3.2563099913269888
 9000000  1.5045359113378127  0.10510213117677843  6.8231294323708633
 9200000  1.5044246802267787  0.11832415332288743  8.3463150855431127
 9400000  1.5052246459150502  0.084712700397932397  5.4986005875690829
 9600000  1.5042442772282396  0.099697898770170032  3.0441563388645738
 9800000  1.5047162460217223  0.10052216016498466  2.945696860770723
 10000000  1.5047848763790008  0.084910522875755345  1.9559853731108241
 10200000  1.5039854788277438  0.11113066435055387  4.9196797140602531
 10400000  1.5054240700536421  0.09902022171981853  5.9847650559758554
 10600000  1.50360058323965  0.075268410366180497  5.4929614684642729
 10800000  1.5036889347296101  0.076766932627512038  4.4230428852478534
 11000000  1.5038592180494645  0.07313781156015417  3.1179391991030001
 11200000  1.5044414358954059  0.063945377625952204  1.6338574029273234
 11400000  1.5038677950359194  0.054061013243781868  3.6061717292180258
 11600000  1.5034754994081054  0.078090924124115696  5.5146031427977009
 11800000  1.5039653684919876  0.10553319966030604  2.0947103971613257
 12000000  1.5051172912177886  0.092948122249252182  3.3075381247573343
 12200000  1.5056746346860486  0.10660012751795166  5.5172147964218334
 12400000  1.505011937919319  0.11515646435183774  3.9750872442148979
 12600000  1.5044663866110128  0.093127984270160349  1.7363794725278405
 12800000  1.5043046373547815  0.093612148942423826  5.5881954822454958
 13000000  1.5043004083708285  0.099110906916801703  8.0972263429183133
 13200000  1.505026135259165  0.08591258158758025  5.8254898348246487
 13400000  1.5054136669865859  0.081560061704938278  2.690137565098115
 13600000  1.5045659371827731  0.10126480644392445  5.2152348793028969
 13800000  1.5053804510179924  0.082092146494103818  2.320116266910905
 14000000  1.504310909727018  0.079796308207641123  2.0255219928789474
 14200000  1.5055153323379604  0.093988801037994299  4.4633664887862441
 14400000  1.5057740746782102  0.086135203388615897  3.4771027182296428
 14600000  1.5052974536431252  0.08915133684964191  4.6541507051730973
 14800000  1.5040171913408014  0.11162502025782405  4.729976302896044
 15000000  1.5042309009829542  0.11787812344223846  0.45112834560878196
 15200000  1.5049170761621349  0.094076208813458392  2.1526432065134857
 15400000  1.5058220997467129  0.096469051240317946  6.0859175175621347
 15600000  1.5058883446268878  0.10831543424461627  8.7371752316753231
 15800000  1.5057615331474814  0.097358766505449848  8.5303941114435045
 16000000  1.505536682103632  0.10507827991312188  5.491103474011477
 16200000  1.5056303543700844  0.094837278588702265  1.1136920077927692
 16400000  1.5048437351437192  0.065770008176828765  2.3338826541671485
 16600000  1.5049572510860929  0.073363156838931756  3.4425827230678738
 16800000  1.5055322187582503  0.090439581986207759  4.9686477683374388
 17000000  1.5047252803568505  0.088109892308992993  3.1911801068070162
 17200000  1.5049762820960852  0.073218602875443725  6.9450627046637345
 17400000  1.5049888387304529  0.070745402134083493  6.7766621323254279
 17600000  1.5045320433488671  0.062852950150956502  6.8447160693323603
 17800000  1.5041103644017886  0.071644042465329932  4.4731652706892122
 18000000  1.5049214872279801  0.064571249649789705  4.8419273424816431
 18200000  1.5042622421381131  0.092512324993453576  6.4205094065748183
 18400000  1.5052262055303229  0.082806379103080419  7.9122441754304242
 18600000  1.5052742368376504  0.10862491637676204  8.2276391385161816
 18800000  1.5039443232086398  0.089168377467047311  6.8842305692421784
 19000000  1.5049790774751399  0.10077959077601018  5.7499015920793193
 19200000  1.5049989787225768  0.11009837693227746  6.4384753556597527
 19400000  1.504325718362058  0.10581892937769791  8.2454549110943383
 19600000  1.5054860639175229  0.10127439081627915  9.8232672668960674
 19800000  1.5051465762707508  0.076590336147964191  10.039643598116378
 20000000  1.5053208075444804  0.085201844924415709  5.6952371091058218
 20200000  1.5053515915326323  0.059432482648412138  3.5068853045765604
 20400000  1.5049016420517967  0.079039122596903474  5.9878328115233348
 20600000  1.5040721613944366  0.064003074238428562  8.9900345667221764
 20800000  1.5042861543529003  0.10256363543314358  9.8206169417828839
 21000000  1.5045196137330807  0.10813438323250631  8.8803214324402866
 21200000  1.5044101742515175  0.11512875520964125  6.4682340944458474
 21400000  1.5050400446028509  0.10064122921476945  5.8842799717955216
 21600000  1.5055458492457299  0.10874137027084017  7.7920642039657722
 21800000  1.5039987776073271  0.093065529635322983  9.9908624861664688
 22000000  1.5050754984335692  0.1001813218862718  8.5995948955387949
 22200000  1.5039420201184734  0.089707481329143302  5.3748538479473051
 22400000  1.5053428953222303  0.09461460349531256  7.2194678227790714
 22600000  1.5047752090401545  0.093040689444090788  4.7190082242245337
 22800000  1.5040146739659808  0.079075457475570321  2.0709338780630624
 23000000  1.5044358330950736  0.095802745638513001  6.3467091949519467
 23200000  1.5049827488420853  0.09071134354273018  9.2211809601172003
 23400000  1.5053999325221412  0.11060106562015341  6.2637195777481303
 23600000  1.5050810679844291  0.099111349708273511  4.6679703514448523
 23800000  1.5043976505453545  0.10410611435051864  7.9986730542192097
 24000000  1.504575647293148  0.11451265479576457  5.5525839625225801
 24200000  1.5046909212336037  0.1033237693839775  3.6142052182857207
 24400000  1.5043369578655992  0.10832651743887178  4.1675697018934761
 24600000  1.5050106117510464  0.099007649410896292  3.7862444859941009
 24800000  1.5047420172422503  0.10447387737305687  7.4392524423604192
 25000000  1.5043839776393839  0.10986834353029866  5.5409704545760725
 25200000  1.5049480121166701  0.090179719632469041  7.8959910254300709
 25400000  1.5057564409352535  0.11011384310311206  5.351449802573649
 25600000  1.5055680895984145  0.083247731316664367  4.4118433394686063
 25800000  1.5061072286824879  0.092830308202480699  5.0837620536396653
 26000000  1.5059272245022535  0.096723971188321267  8.3963153392214611
 26200000  1.5059875783761911  0.091906248793635265  9.5324190289008079
 26400000  1.5059738594577936  0.097422401605617909  8.2209554442555017
 26600000  1.5060837675695604  0.088747720750607287  4.3195471134932255
 26800000  1.5056975839638858  0.095223581555744632  2.9261927560827883
 27000000  1.5044031720499584  0.095071594310803198  7.6609490271642287
 27200000  1.5049360356812858  0.084872678612853164  7.6357597060315596
 27400000  1.5052318357769137  0.092695516499306643  4.0475736198333001
 27600000  1.5042181257439193  0.071227740429161052  4.1986175614275103
 27800000  1.5044957577793527  0.084212170768138514  5.6123052309599135
 28000000  1.5038268212027193  0.046231745153789215  8.3656381223038885
 28200000  1.5039994914386736  0.05837946819701658  9.3910704900107955
 28400000  1.504739776745029  0.03896295078233581  5.5208506570209943
 28600000  1.5057034905044175  0.068014529379341812  2.8060492719219701
 28800000  1.5048780651337734  0.059032747374285675  5.4091476044713449
 29000000  1.5054422809994981  0.065934029310403111  5.3184425015153307
 29200000  1.5041624862845167  0.066237811776786712  6.515822130051852
 29400000  1.5052547466007651  0.061286274568070065  8.3854324103565077
 29600000  1.5052581743730427  0.081758340721443223  6.8293101911705207
 29800000  1.5043878614274726  0.086743183983061148  8.7713536634994274
 30000000  1.5044553689951323  0.10219884099506556  7.1234550041271367
 30200000  1.5053027983158191  0.093339861956766149  4.6471383393775536
 30400000  1.5050480404964337  0.098449583141754671  6.3344148899221855
 30600000  1.5046043837574823  0.10736383562562672  3.0993388925380145
 30800000  1.5038342562619147  0.08761768420207329  6.6768385352435589
 31000000  1.5047054463785081  0.097337409236441005  5.7462724773328304
 31200000  1.5040935092170549  0.088307793936037854  1.9476928010940078
 31400000  1.505159157526184  0.072854410952711446  4.1218040602898274
 31600000  1.5046778672173773  0.08088575526280703  6.2560916881107778
 31800000  1.5047712741334436  0.1107584115783594  9.8360767222293699
 32000000  1.5056071821756525  0.11116306114284316  9.393915182056924
 32200000  1.5057139283478456  0.10931723593575068  8.4314184047681699
 32400000  1.5043189438399365  0.092617449020573298  7.8822114509131991
 32600000  1.5039180439523983  0.087968539773829069  9.2954395303751749
 32800000  1.50524323311089  0.081819317028591534  6.4517045055085243
 33000000  1.5048422502383985  0.10152331308679788  3.9668230362036847
 33200000  1.5046046457182005  0.072348836996123905  6.5430114425568231
 33400000  1.5046309314709889  0.081500404350376671  5.8989306365911904
 33600000  1.5049404899614536  0.069689779230988833  2.8223306741003746
 33800000  1.5045828214417525  0.08518559782988272  2.5600190827451761
 34000000  1.5045512124953047  0.10472942732629431  3.9868754794121029
 34200000  1.505498366247203  0.089058476481216134  5.7839279021615493
 34400000  1.5051459481312215  0.10964569738378901  4.5113529056076134
 34600000  1.505476848877799  0.10751632978512379  5.074337885562211
 34800000  1.5051080586895873  0.096373027351609339  7.8954534965204939
 35000000  1.5038348121874476  0.11642416370010056  5.6368577739479644
 35200000  1.505398085092535  0.12856537236242593  5.4971373415794087
 35400000  1.5038376385999537  0.12370679059252579  5.411276508264125
 35600000  1.5038799187400249  0.12762897796949502  3.2216435458999624
 35800000  1.5043407977566423  0.14652450073083678  3.2253953187071094
 36000000  1.5051963638696682  0.14071899951656905  4.4076641017341842
 36200000  1.5044783708538956  0.12466124842274734  2.2279200044629111
 36400000  1.5055072566227357  0.12222631867561687  2.0139790129867721
 36600000  1.5047594740487369  0.10606148204810727  4.9567856901791174
 36800000  1.5050074650531671  0.13122519909702712  4.8965776485935528
 37000000  1.5045525126716506  0.12305868345122527  3.2848240838378322
 37200000  1.5053562858501919  0.11907114048437786  5.8634083795128653
 37400000  1.5042179583699604  0.1192529592939064  6.9072024587350151
 37600000  1.504869081995281  0.11785381537093362  5.3763469912553035
 37800000  1.504490298353409  0.11337969516470513  6.963127648600258
 38000000  1.5057940855574057  0.11430456589910643  5.7033652591193835
 38200000  1.5053760026864464  0.11757201914324844  3.9905819121377317
 38400000  1.5049353733308033  0.09966689563599726  6.1907178276431578
 38600000  1.5052427995905202  0.11272572184394954  5.8822129288520584
 38800000  1.5050819709771113  0.13334619050930344  3.4893122632456364
 39000000  1.5054252644197288  0.15462582169890099  5.1194668105378902
 39200000  1.5044642362823937  0.17046269142932269  4.305060883945937
 39400000  1.5039603812106728  0.13207648328799657  2.3509450988734093
 39600000  1.5043275965560845  0.13375074586349342  5.4462405107541985
 39800000  1.5040064422469441  0.13642367323054488  4.8637327372892045
 40000000  1.5048895753207154  0.13598763860243923  3.8378768054503918
 40200000  1.5049221044913648  0.13206804763687352  5.2913998873048742
 40400000  1.5040620824908191  0.13267062764754545  2.5710673536025435
 40600000  1.5040981790063859  0.14639748678115444  2.9527930668475579
 40800000  1.5038999580250927  0.13268707996513102  4.9701715970848923
 41000000  1.5036114877523206  0.11435185931766396  2.8223748964046971
 41200000  1.5037118589672402  0.12453045367251614  4.0028765933433474
 41400000  1.5038028417794735  0.1447420472832236  3.7494583283748146
 41600000  1.5036654531043583  0.14423048310919495  0.39954777956280335
 41800000  1.5034100086486695  0.14273023982293562  4.1586290818746505
 42000000  1.5035683794876185  0.15308156964015154  5.027757088198201
 42200000  1.5035730393273212  0.13200293996244028  2.2848814602169232
 42400000  1.5036646184196185  0.11404836745244329  4.8364028364827174
 42600000  1.5036078989263666  0.10825324807678602  3.8174411396918475
 42800000  1.5037645926495291  0.12930413045750577  2.903377364654899
 43000000  1.5035875666733258  0.15755517350197659  6.0634197453224523
 43200000  1.5033572400708162  0.15440541075777386  3.4217721493107978
 43400000  1.5034760497128041  0.13059774857576209  6.1299517236024652
 43600000  1.5034558322879965  0.12459516044208087  4.5329807214643543
 43800000  1.5034423839311783  0.1287755062386268  4.4018923782153907
 44000000  1.5033772817228486  0.13325240408720193  5.5543252194997592
 44200000  1.5033956205691981  0.14371182390691198  3.5103535482900536
 44400000  1.5035059174536127  0.1488502430653118  6.8510469120101076
 44600000  1.5034543292560025  0.15134773860653863  4.7019732551154814
 44800000  1.5033507444034555  0.13944206197372661  5.9083029206701241
 45000000  1.5035525989007044  0.11866804718533545  4.612916236407794
 45200000  1.5037007547732515  0.11228475717943587  3.8218691224759338
 45400000  1.5035199275463278  0.13758207766182473  6.0724761518130315
 45600000  1.5037057255559032  0.16242138905427184  4.2961321091766882
 45800000  1.5036699014823132  0.1480209095997102  6.9307808630622185
 46000000  1.5036817249134788  0.12429224762701649  4.8533804596057921
 46200000  1.5034444588804685  0.11137688082717956  4.7658070687736513
 46400000  1.5035967878191354  0.12621259447087488  5.2060751181652716
 46600000  1.5036782586508466  0.15950828956887728  3.8274046913642343
 46800000  1.5035386793221774  0.16612795405836359  7.039264276857276
 47000000  1.5035049627281729  0.13361952646449432  4.7072086695361106
 47200000  1.5035394810538918  0.11436331132810486  7.0848908042427539
 47400000  1.5035889323245974  0.12462024984035704  5.1541220176101188
 47600000  1.5033940991605506  0.15005308169673962  5.3319248722257733
 47800000  1.5035262179268483  0.16024467800808342  5.7529918377614706
 48000000  1.5036120400567163  0.14616939236149551  4.1207517761182499
 48200000  1.5036178974358838  0.12304187771518478  7.4733967843955922
 48400000  1.5037168765426181  0.11845506871380257  4.9017012095317378
 48600000  1.5037671593665816  0.13768147837778416  7.0930984584700116
 48800000  1.5037109572600462  0.15232857493183852  4.9830244871864089
 49000000  1.5035930396919555  0.14449373267632598  4.5948889042234136
 49200000  1.5034943478880534  0.13096468320827673  6.0229592944790058
 49400000  1.5034286894287694  0.12265530586862414  4.2817489158971176
 49600000  1.5034103145990401  0.12439730045706306  7.2798808520884686
 49800000  1.5037735738453479  0.13810806366252681  5.0657016160051365
 50000000  1.5035918098285677  0.14919628648413097  6.629671681190727
 50200000  1.5036745786957941  0.14384821353922825  5.7122126952597769
 50400000  1.5036094026015396  0.13336683905278748  4.9795870988543438
 50600000  1.5036273078871607  0.13130701452308549  7.2283440452385364
 50800000  1.50374136400522  0.13281135356010065  4.8673415746462263
 51000000  1.5037038647868788  0.1405539117585676  7.6411522748982517
 51200000  1.5036152907538627  0.15224817600662893  5.7605690160035765
 51400000  1.5034923041264219  0.14948705772495327  6.2943057764200887
 51600000  1.5034663016464906  0.13177782767764065  5.9183500121167469
 51800000  1.5037404466947528  0.12674817706705904  3.9808548617869919
 52000000  1.503385489898315  0.13297893505461039  7.0516294297167068
 52200000  1.5033889007019763  0.14353021025598256  4.8791728504587892
 52400000  1.5039473206782248  0.15262131224049441  7.3763324418896001
 52600000  1.5035865229477381  0.14218976465752753  4.9412799038471285
 52800000  1.5037519916171311  0.11778720020827947  4.1504840044672466
 53000000  1.5036538773082055  0.11439029395833371  5.8403999255363974
 53200000  1.5035689707963036  0.13845271485984167  3.6080419779354131
 53400000  1.5034903699951336  0.15612959673629745  6.8480232926119102
 53600000  1.5038155097475181  0.14661982770284313  5.1817371272769126
 53800000  1.5036825901660915  0.12141408626942564  5.2537424378839264
 54000000  1.5036004313737048  0.10582788390118418  5.4419422123184908
 54200000  1.5037499878550391  0.1213658665375565  3.4029914532098031
 54400000  1.5033960526890389  0.15621454513118457  6.2145167961593879
 54600000  1.5033845399666792  0.15880521729085964  4.5391090301215806
 54800000  1.5033567883326084  0.12496390860385743  6.9098229796254937
 55000000  1.5036433933183651  0.11428770277990655  6.3293098660954872
 55200000  1.5035151063160763  0.12047436233597053  4.8319369992340233
 55400000  1.5035643353836963  0.13709096308047686  7.4001582876136798
 55600000  1.5035279074751629  0.14706019668088369  4.728252534221058
 55800000  1.5042032698704049  0.14427138764023995  5.1194342655448617
 56000000  1.504169380356001  0.15705457651278304  7.3804482903006283
 56200000  1.5036111169322817  0.15922973280421568  3.9282889007966033
 56400000  1.5037379671997448  0.12938104492576155  4.6505972028789007
 56600000  1.5035674959961072  0.12062037998228621  5.0785588198358731
 56800000  1.5037201485774199  0.12685958833770583  2.3877479895315603
 57000000  1.5038148037306731  0.1395310421753744  5.5470956762688282
 57200000  1.5035269652012317  0.14468072475593241  5.3323213872064148
 57400000  1.5037010854585788  0.15311726694114791  3.2550150096322463
 57600000  1.5037129870913581  0.16067310398416268  5.5110467760995396
 57800000  1.5039247241028046  0.15234751366935176  3.045586922009818
 58000000  1.5036539323906712  0.12241328466853846  3.5315967100834542
 58200000  1.5037164163813435  0.11232927063509969  5.5510383370819447
 58400000  1.5036227026896956  0.13521989996386111  2.9067825315177283
 58600000  1.5035462265692241  0.16106074881950203  4.9906734291096955
 58800000  1.5036057602427728  0.15279598078215859  4.9053669605175871
 59000000  1.5038004332786625  0.13821907836518663  1.281010124372931
 59200000  1.5039809494982328  0.12120568936555864  4.0056589879424109
 59400000  1.5040216615448168  0.12163348571860508  3.4982693611593807
 59600000  1.504516720733388  0.12797273321709776  2.6854261150664867
 59800000  1.5054367341682284  0.11307146450076513  5.381980972755958
 60000000  1.5048192282717727  0.12959078312988301  3.3692555829895263
 60200000  1.5051337475739788  0.11685254133224907  1.8803708238239221
 60400000  1.5048514565883842  0.12156668467914057  4.5634578970483961
 60600000  1.5059086609854888  0.13859877478179133  2.8784445598966695
 60800000  1.50540002175902  0.14383960733693618  5.0024862792682843
 61000000  1.5039367229224814  0.14303726257251059  4.8154498305242663
 61200000  1.5058052300896911  0.14897842499195679  3.1933584524857213
 61400000  1.5051436128653795  0.14522741290618074  6.2222123412117201
 61600000  1.5058475815065484  0.12952514545965743  6.3344816980919818
 61800000  1.5060933492014936  0.13127145614510477  7.2175907892642135
 62000000  1.504706439143759  0.12879725950523438  7.6219901090817297
 62200000  1.5052495565153967  0.1393679715395468  4.7243834536298053
 62400000  1.5049302431852245  0.16364616448354211  7.0087370900163277
 62600000  1.5043182299291207  0.13883117825817798  7.6966931534929683
 62800000  1.504437383612846  0.1466874622678781  5.8893202056130489
 63000000  1.5059045267089064  0.14134467877187373  8.278087649205812
 63200000  1.5053344464915612  0.14978328895812756  5.9566486282203774
 63400000  1.503748489287789  0.126405287454356  6.3932861780440637
 63600000  1.5056090648927696  0.12740484639578681  7.2602926941276875
 63800000  1.505048663592615  0.126418827281466  3.2030630578921087
 64000000  1.5044674258700361  0.12371210595951858  7.0635985455844406
 64200000  1.505962603181551  0.13123694217602525  5.2163290656887797
 64400000  1.5058329551436018  0.12507210354524481  2.2441670896509462
 64600000  1.5049584317142679  0.13648664845902356  5.6104837655780715
 64800000  1.5057529998753523  0.13692541001840994  8.2922477261353631
 65000000  1.5048376903854044  0.15616512302409913  8.0631232411277498
 65200000  1.5047903759750816  0.14991165658776803  5.836587994458017
 65400000  1.5047711833082649  0.15365587154314864  5.2501422662360513
 65600000  1.5058933219274955  0.14271183996501602  10.17298661716192
 65800000  1.5057746164657577  0.13881655333049592  11.269040133706252
 66000000  1.5042990403503615  0.12577318620304614  7.6284659768853098
 66200000  1.5053470299821072  0.11845511998987626  3.9455423123689575
 66400000  1.504170934596897  0.11410639941496796  6.5889734550200227
 66600000  1.5044235758016018  0.09677685955014155  7.4505520042612963
 66800000  1.5058465692679837  0.10937488874726144  4.114783815545124
 67000000  1.5056153746320293  0.0957929615224445  3.2240040228320388
 67200000  1.5045573943630144  0.1092190493577522  5.9135093538361874
 67400000  1.5051892518531118  0.12284308021811695  8.7337445058240437
 67600000  1.5040305592332721  0.13488141154102787  8.1610532022247213
 67800000  1.503991007168717  0.15528303651222128  7.2731391012515463
 68000000  1.5053227756199838  0.17018147457432253  9.135737471341475
 68200000  1.5039331347277936  0.16853113403487699  9.1656051758756245
 68400000  1.5033206337114791  0.14920557930869155  9.1676017561488976
 68600000  1.5051557285406099  0.16117283731552645  9.7013512593567715
 68800000  1.5042523859380563  0.1652884133010101  7.5773026196269555
 69000000  1.5047241638246081  0.18672302090861187  8.490522892845604
 69200000  1.5040715507626674  0.14409194700784964  7.9175922466461728
 69400000  1.5045802694600092  0.13685286038065789  8.0278668152680002
 69600000  1.5043621739632393  0.1480124158026947  8.9185708291506742
 69800000  1.503924412355609  0.15283502673258048  6.7895736161343274
 70000000  1.505316342532665  0.15951525280388051  6.2299504270835868
 70200000  1.5047597389037475  0.1849370748324356  7.6120309470401724
 70400000  1.5054314079370137  0.14967729941454791  6.1294836801451469
 70600000  1.5050410203991249  0.16406883228804117  7.8025460298243017
 70800000  1.5043626613953087  0.13231565749731225  8.0476492302184628
 71000000  1.5042260428217575  0.1439729471355323  5.9819700187329605
 71200000  1.5045539724616133  0.16974585681919169  6.3201716362769433
 71400000  1.5049922357873835  0.14025633965644441  6.2758685742728906
 71600000  1.5050707618262575  0.15463172076977627  5.4533636893253892
 71800000  1.5050538102551299  0.14877685284716269  4.5332208839859707
 72000000  1.5049257833913259  0.13019170950034512  4.2565629960603975
 72200000  1.5046775788446896  0.10122431844379058  6.6525836281526756
 72400000  1.5047820737897972  0.1147932821787844  10.042655146148302
 72600000  1.5050988589182674  0.13686026940844434  9.8656404194929639
 72800000  1.5040643189432374  0.088116667886879135  7.2316674743777334
 73000000  1.504903427170625  0.10779807465148142  5.896451612175154
 73200000  1.5045166069442151  0.13865001003899463  6.71688212641003
 73400000  1.5052878615096266  0.10262413321769331  6.4259971835619742
 73600000  1.504796175775365  0.1281154414338701  6.5172941419643999
 73800000  1.5047593244149426  0.12323178247937319  8.0795395686192073
 74000000  1.5051026860148911  0.093322934450553049  7.8789040434015227
 74200000  1.505529706274702  0.1005345719567224  7.4318185285269802
 74400000  1.5051025537360663  0.074594363369247796  7.5761756256370729
 74600000  1.5054314485584142  0.076431742028255423  6.5311363814881123
 74800000  1.505039741731635  0.060851631890607591  6.2387016510477338
 75000000  1.505055818321851  0.067060101722666521  7.2231709928572849
 75200000  1.5051866036230328  0.084451053619313446  6.3991567582756392
 75400000  1.504381929664083  0.079855405340737318  6.3738331579975407
 75600000  1.5043478170837878  0.094150568016512753  6.9330987019801036
 75800000  1.5045412214852274  0.075724431910575929  7.0113277462151062
 76000000  1.5047278370037627  0.081488076691264219  5.5087691307734508
 76200000  1.5049304298671025  0.068279245019919388  5.5428588000736525
 76400000  1.5045860876780168  0.09705908785559221  6.9468219526561628
 76600000  1.5048604504198784  0.078291279042748588  7.0068834841291734
 76800000  1.5046387919112469  0.090964790513002353  7.0078404641739276
 77000000  1.5049389618415265  0.062815750383125549  6.6208406122943186
 77200000  1.5044631386151153  0.059801588067647217  5.9005423276890356
 77400000  1.5053566602827111  0.092620169600983515  5.3679864800041992
 77600000  1.5046701932757935  0.1050553598421137  6.7267253229812152
 77800000  1.5048783582251806  0.096571302128508618  8.4750334732441335
 78000000  1.5046851414598692  0.088436183324436771  7.8711563176162613
 78200000  1.5047685753025424  0.055125935856430441  5.8555671702877135
 78400000  1.5043047463726196  0.043304120631327984  5.7563892887682391
 78600000  1.5045287399691325  0.077215261699979651  5.3838116210360605
 78800000  1.5045236685345265  0.06981271142345602  5.877279836950648
 79000000  1.5045350184069539  0.07839305418910518  7.2137851477356243
 79200000  1.5051310994251759  0.076085269671158168  5.7569848634398983
 79400000  1.5041791000530613  0.06189139911482977  5.1650506340904077
 79600000  1.5046320197629084  0.094652335699971071  5.72481745152536
 79800000  1.5044138877986584  0.10196996780789942  5.9715302003901023
 80000000  1.504439974380285  0.10386001493285166  7.4433065756679131
 80200000  1.5042825858262543  0.085238704400938836  7.9797554927770094
 80400000  1.505111830797432  0.085111107793905558  5.1180006946766134
 80600000  1.5045204387962403  0.070477158134134354  3.6981437623243298
 80800000  1.5039771070832271  0.077794420316391638  5.201689765306508
 81000000  1.5048269444786633  0.079719777224368266  6.9344758433421951
 81200000  1.5043941669714063  0.073990345172304128  7.5762235553651616
 81400000  1.5040991907986481  0.082174369053106266  7.5542291000672401
 81600000  1.5048809230418767  0.072425612745457196  6.3180003210401221
 81800000  1.5044432650215402  0.099548093431514065  5.145231244494691
 82000000  1.5044632193394891  0.11679102819043494  5.7595472940450421
 82200000  1.5053041646720873  0.10478700446133872  6.8016333000475937
 82400000  1.5049161883730768  0.099543684098448784  7.2337319776486586
 82600000  1.5055328056043069  0.11702644452745943  7.6570590502734648
 82800000  1.5049030737135571  0.089528025687046944  8.3679011657117019
 83000000  1.5046215549020403  0.093151606226320655  6.2279675854969048
 83200000  1.5041633891273545  0.07995394845619222  4.8670006072154415
 83400000  1.5047427783768978  0.098946243763917252  6.5701144791543609
 83600000  1.5044478224397375  0.10059246839800129  8.322806085642231
 83800000  1.505480252166318  0.13833403229196506  9.1766899145026493
 84000000  1.5051295368714994  0.1392679349442997  8.843609391617397
 84200000  1.5044894910122197  0.099686563954860433  7.4807000740074061
 84400000  1.5049559818970271  0.092997205130265062  6.191479953795298
 84600000  1.505444309952634  0.092427868935112026  5.8506305196204913
 84800000  1.5041661562524737  0.085869264926616007  7.5412184288478477
 85000000  1.5036877426959041  0.099102800116363521  7.7621286755032628
 85200000  1.5043306316201017  0.091814152029740442  8.0573718544639661
 85400000  1.5048789972385206  0.11622910489027677  9.0061588739149592
 85600000  1.5045831577382915  0.10909568105799668  7.3327743704127455
 85800000  1.5042105546678393  0.12330091907556651  4.9601497562378718
 86000000  1.5051519322185021  0.11560916098227514  6.011016411158673
 86200000  1.5052029222393468  0.089233211415801067  8.3230006254362472
 86400000  1.5046710788074893  0.093103163386107801  9.4829228855585637
 86600000  1.5057146000183941  0.10304450197336026  8.4768398939630334
 86800000  1.5050006680392158  0.099337246068908425  7.5349755099886648
 87000000  1.5053259353395017  0.14787761649164816  7.673480348797141
 87200000  1.504799447574888  0.14249597144473239  6.6632617179216336
 87400000  1.5054965381546064  0.17022855897337494  6.1218993101650518
 87600000  1.504867318567503  0.15108283249021792  6.6068815454759591
 87800000  1.5056597990871805  0.10527876347816643  8.039394472215168
 88000000  1.5047780987781953  0.12285269281481204  8.0014985344858012
 88200000  1.504474599098601  0.11228819090620877  8.3545933761826134
 88400000  1.5038150573421829  0.13928206856250785  9.6596014945321276
 88600000  1.505347716090462  0.13752596580788537  9.8969222327177864
 88800000  1.5049887459545543  0.13377952927945488  7.3510132402051607
 89000000  1.5038861569066246  0.12946923219540796  6.5836705159347204
 89200000  1.5035101853109871  0.12569217821509943  7.3985439730274116
 89400000  1.5044749793592542  0.11336767996348646  6.371397282159915
 89600000  1.505306651991102  0.14790878552918371  5.729107412518692
 89800000  1.5037227589855195  0.12627918201983745  8.5137910941772379
 90000000  1.5034457255366995  0.15149363859684653  10.522992693937324
 90200000  1.5044597143277803  0.12930505628650812  9.1686310434923932
 90400000  1.5054044835542182  0.13979476136153857  8.2620696245766165
 90600000  1.5054033035342966  0.11112050902017105  9.2648270027385227
 90800000  1.5042941842841142  0.10321266432898227  8.7642749293846673
 91000000  1.5041769667381695  0.088825435591802046  7.2979546369804558
 91200000  1.5045313389541637  0.1237814786592001  8.4575416178524385
 91400000  1.5045052508185908  0.12529222504266099  9.008479148763886
 91600000  1.505522803649751  0.12788609601365036  10.116014044620867
 91800000  1.5047980755846235  0.11471953237986994  10.659007684345253
 92000000  1.5050379647788439  0.085157115403925024  9.5395400943072151
 92200000  1.5047596887222627  0.1143815097974117  7.8909722297788436
 92400000  1.5049415300060247  0.11505002116597411  9.4566114211031973
 92600000  1.5048084925532879  0.08353465856744062  11.916730680419938
 92800000  1.504011893459497  0.085495501525060649  10.11404424374637
 93000000  1.5048793856796283  0.12274522208388933  8.8934378658252253
 93200000  1.5051427270702464  0.10004855824081132  8.4627102359330895
 93400000  1.505311789346262  0.10068621810222567  9.5041173744720506
 93600000  1.5052721714922817  0.066132329058886719  11.041336618864321
 93800000  1.5039641654526514  0.093582961702708203  8.6746386419821331
 94000000  1.5042840265879107  0.092822694677599044  8.3353989914138751
 94200000  1.5047163119625899  0.094653235830111093  8.1410702190075401
 94400000  1.5050489074037492  0.080992478259654915  9.071795253585087
 94600000  1.5044634594079884  0.043018390913133017  9.3867222156496855
 94800000  1.5057593950486223  0.072278476831817831  7.4860286534871801
 95000000  1.5040253399750674  0.080315669863929587  6.5306120479117249
 95200000  1.5039426513378942  0.073174465169277281  7.7578798319692233
 95400000  1.5042227048318384  0.067586424678288626  5.5310490707906164
 95600000  1.5050938166187169  0.050332232562526003  3.2944880200093243
 95800000  1.5048847396171237  0.079231474539850133  6.818586016633815
 96000000  1.5043728943219425  0.068326071371492741  5.696398334125683
 96200000  1.504614907875941  0.10345171063910873  8.7644527600888811
 96400000  1.503727828835822  0.081521771657981162  2.3803767114312797
 96600000  1.5056178501341426  0.052711341566994134  4.0377322313122583
 96800000  1.504810174344267  0.086623533484456366  4.3591439175051496
 97000000  1.505524957594758  0.065260580619018876  3.6588524686365744
 97200000  1.5055657772754814  0.057613284460211432  3.2398517418204609
 97400000  1.5043324374920233  0.058397289101651567  1.0194373217648078
 97600000  1.504001510590512  0.073648492515028988  5.9406433030395505
 97800000  1.5051059175744681  0.076317196849263413  2.8815793606169198
 98000000  1.5042707648489144  0.069382081990711844  4.6436376538458761
 98200000  1.5040682096330069  0.093310647327744287  1.0870839804709431
 98400000  1.5051503659955709  0.056727263496270629  3.6541930376991538
 98600000  1.5053705962747146  0.090282787122803965  0.99361804224185701
 98800000  1.5034991520717114  0.098142795381070722  1.5963205036147439
 99000000  1.5040057958465456  0.072922369122588676  6.7263035233230637
 99200000  1.505358977398048  0.10179342210652564  11.113178962777619
 99400000  1.5037512777145878  0.077364372743678259  8.6169657001288478
 99600000  1.5051043590861009  0.075523214484548878  7.1334959036875683
 99800000  1.5055402203805941  0.072959600428961185  5.2309456057387278
 100000000  1.5037404550317235  0.078810922617991552  1.5094488500519108
 100200000  1.5041460719868565  0.090908034618547684  6.6559528822932501
 100400000  1.5052388457374501  0.10873077591864107  8.6228031625157229
 100600000  1.5042456005029008  0.080505402223564157  3.5088392604972216
 100800000  1.5039980816183689  0.11053399148695588  0.80615414365771676
 101000000  1.5045580914038186  0.082077652251330457  3.6587054316201018
 101200000  1.5047039950613179  0.097639960824304733  6.6286384618590031
 101400000  1.504921969131346  0.066183002857997025  4.2812132741367801
 101600000  1.5045525017865762  0.08372576589360968  4.0297276937867901
 101800000  1.5052546564894556  0.086008428988942259  9.512645647220376
 102000000  1.5054066620329845  0.0863572244604843  10.077754595116392
 102200000  1.50469555785535  0.087058668257598032  6.6677549709508224
 102400000  1.5054572207540873  0.091849645135099633  6.3988656193088058
 102600000  1.5058575334454085  0.10299711496186255  6.1983715364802725
 102800000  1.5044212478614913  0.13097887915548603  7.0995832649011925
 103000000  1.5045191797475401  0.10743768070392409  9.2250688044958675
 103200000  1.5050076043887255  0.11465548113126559  9.8792029698520913
 103400000  1.5047267025895805  0.13727278820654479  7.2669395216571369
 103600000  1.505427523733682  0.087962396113149099  4.1546398200600887
 103800000  1.5049355353882972  0.1006662165087303  2.8166270364615671
 104000000  1.5040224520416361  0.084668127617472236  3.5330201512607688
 104200000  1.504601890313642  0.094602413616042338  4.1261893536748993
 104400000  1.5051453027913553  0.080991685881528608  7.214667138443537
 104600000  1.5055670075780696  0.089542290075982772  10.038950032931128
 104800000  1.5056276429204105  0.074225256852800847  9.8114351350388027
 105000000  1.5039701175149207  0.087552247493159138  5.4934171919497308
 105200000  1.5037359333213871  0.076764093487800375  5.5399696799070579
 105400000  1.5039371744806733  0.11142484732177928  5.4242517427544019
 105600000  1.5057037015242025  0.069174648148481538  3.5672106249777213
 105800000  1.506251749690831  0.078069333840115482  6.1575449619005145
 106000000  1.5062737864586335  0.053245591972381372  8.1935133393468753
 106200000  1.5061804321104151  0.068868567910335118  6.3412142006088299
 106400000  1.5063485351627619  0.14970088377286472  2.9676974113030878
 106600000  1.5062091608471078  0.11006475073113105  0.55250485073053823
 106800000  1.506144869819644  0.076845774585984669  4.4459267125405093
 107000000  1.5061919323601902  0.12550923276733511  4.6978972102286169
 107200000  1.5061473639933163  0.073831240453647584  3.2024565376667162
 107400000  1.5061887261660201  0.075076655006234269  4.1145966232385449
 107600000  1.5062449633402928  0.097547112491350702  4.3329711679311105
 107800000  1.5062735738474662  0.074180900683116432  4.7415343577371933
 108000000  1.5063374880166158  0.098285749968867617  4.344792342150277
 108200000  1.5062938995013142  0.071647377377354035  5.873428420200133
 108400000  1.5061838276312425  0.097409972946755852  9.1573934750156809
 108600000  1.506256104476225  0.09475032250973775  7.6512769609198248
 108800000  1.5062899072409257  0.067061802952804922  5.1896286386747281
 109000000  1.5062149473481716  0.12305783113088159  5.6929863941961587
 109200000  1.5062404805071479  0.075442637393429601  6.4116336624676533
 109400000  1.506195418076568  0.081839814594933794  7.7943007779831124
 109600000  1.5063559346126811  0.084858981134460276  10.371709485393446
 109800000  1.5062736431678332  0.084353314736764468  7.9844448614238059
 110000000  1.5061934400900145  0.096249564527467968  6.9998192241494808
 110200000  1.5062710227796299  0.056396673206879556  6.3033170526331883
 110400000  1.5063023050577453  0.11243643598607594  8.0459882491204002
 110600000  1.5063643542136809  0.084148103846353572  9.4317995631139251
 110800000  1.5062605518811494  0.12065558430493535  9.6024958377639713
 111000000  1.5061910901988456  0.10252045025692982  8.0899005509975535
 111200000  1.5063162096133478  0.1303255536509044  7.4608192175873542
 111400000  1.506266292064214  0.12117978806956468  6.277407558736944
 111600000  1.506196372654476  0.091409105188885925  8.1023489721648154
 111800000  1.5062654311384933  0.13758265144759407  9.4328787666846292
 112000000  1.5062743343750904  0.10191603633659495  8.1348943684395838
 112200000  1.5062981811876919  0.11480831349956812  7.8597369023800487
 112400000  1.5061793991860009  0.11658384841608938  4.8920483082454123
 112600000  1.5062739625636872  0.095359034683469637  6.0789505878061849
 112800000  1.5063589664945107  0.11918238000610057  7.3623282530766714
 113000000  1.5062797741353262  0.093190944279687299  8.4895016353663539
 113200000  1.5062248458914735  0.11787860501270354  8.3120563622644354
 113400000  1.5061572052651051  0.081581784792112699  8.106270942442336
 113600000  1.5062849986923492  0.090709407376170365  5.850084952103213
 113800000  1.5061836822073356  0.087071689573777214  6.7344848162926674
 114000000  1.5063659469952182  0.061430199017802382  10.155409961311992
 114200000  1.5062533374417606  0.08499672497438393  8.8733920651267422
 114400000  1.5062935595279958  0.066667416251900868  7.0336189753818728
 114600000  1.5063737395639414  0.10344981357912598  6.8403130270051431
 114800000  1.5061091350403266  0.090024081415504664  8.8387159445708221
 115000000  1.5062266980349595  0.13410518753391237  8.743400556009794
 115200000  1.5062288754548874  0.1044619126111071  9.3940358236122226
 115400000  1.5062394804551589  0.13297579964670275  8.4465354941103872
 115600000  1.5062132374467421  0.097143020514120451  6.5535734942969963
 115800000  1.5061780860141865  0.10187135272200849  11.021865411771175
 116000000  1.5061851957124519  0.071333420321637059  8.7337215683604548
 116200000  1.5061540861357485  0.07147959921589904  8.1871632844567586
 116400000  1.5061096157461873  0.072698318100602718  7.1585602286910603
 116600000  1.5061830091205397  0.083018538016599877  7.990511762704644
 116800000  1.509686317921094  0.32225772202868924  12.489329618840605
 117000000  1.510141315574437  0.18759073183871441  49.553568911073796
 117200000  1.5097886345360956  0.24367466334573901  52.039940232929133
 117400000  1.5097841827214651  0.19152607722359349  74.65122316626379
 117600000  1.5095346827857112  0.20574796847795443  47.818180381008055
 117800000  1.5094099190153536  0.21780824101482096  70.695031691178912
 118000000  1.5093227826951401  0.20970128857554976  56.505574337216061
 118200000 -1.2561712560128193  440.97078972586263  92.365536353983856
 118400000 -1.2569480308266165  340.48746696915259  59.436960018434249
 118600000 -1.2554541819104175  2447.9841935995078  65.303684284328028
 118800000 -1.2528389468315737  4054.949526942964  68.666218496774803
 119000000 -1.2537356507193418  3583.2991254138783  86.231293301135096
 119200000 -1.2520674161724434  5829.422442413761  88.132252707933716
 119400000 -1.2512586571388655  5816.1078383379636  84.652882027277229
 119600000 -1.2523864864061338  2027.1019929108888  93.222897615922207
 119800000 -1.251480723302113  5231.1638113254858  103.49018391526292
 120000000 -1.2518038343737896  4280.980662560306  58.942532785208265
 120200000 -1.2507200090492767  6026.8404982079755  111.7944229653786
 120400000 -1.2512416224781298  4541.8493096015836  125.93199362705859
 
