462639 201 1 39.476926421373008 63241.077088070931 1
0 0.01 20000000 4 20
0  7  8  9  
#
# HNBody body-specific file (Bodycentric coordinates).
#
# Line 3 encodes the data type for each column as follows:
#
#  0-Time (= Epoch)  1-x1 2-x2 3-x3   4-v1 5-v2 6-v3
#  7-SemiMajorAxis   8-Eccentricity   9-Inclination
# 10-LongAscendNode 11-ArgPeriapse   12-LongPeriapse
# 13-TimePeriapse   14-PeriDistance  15-MeanAnomaly
# 16-TrueAnomaly    17-MeanLongitude 18-TrueLongitude
# 19-MeanLatitude   20-TrueLatitude  21-Mass
# 22-EncRadius      23-CaptRadius    24-IdTag
# 25-JacIndex
#
 0  0.38709893000000001  0.20563068999999992  7.0048700000000004
 200000  0.38709853893508023  0.16570406579252403  10.180632000237564
 400000  0.38709892711442945  0.092458223834928521  10.744087477763912
 600000  0.38709942517519769  0.11165604005142973  8.4280414763053884
 800000  0.38709880600124452  0.16801852338972353  6.2485389433517922
 1000000  0.3870993696209768  0.17706318667917612  6.279935853280584
 1200000  0.38709923976654087  0.21380800645906467  8.2887313413444819
 1400000  0.38709913665150902  0.22460030636776196  8.0797314928814696
 1600000  0.38709957382821869  0.18226583071695707  6.0943505951074588
 1800000  0.38709839398419599  0.15823771979167933  6.3272645647041266
 2000000  0.38709838706437627  0.12920441048665693  6.5260064961601474
 2200000  0.38709836693851307  0.13366581368888175  6.0381804294740196
 2400000  0.38709975221835463  0.19328691699952188  5.8312353583956309
 2600000  0.38709860934417856  0.23300606417654793  2.600670542461422
 2800000  0.38709998081523406  0.20546560866687633  4.2501839934003538
 3000000  0.38709920614770787  0.19865136478772896  7.8425690181991783
 3200000  0.38709938430873275  0.13925752532964733  8.9108760335804575
 3400000  0.3870989384019225  0.10411821531496641  6.861376649124753
 3600000  0.38709975154730641  0.14939125314358623  3.2552572988908288
 3800000  0.38709904540073364  0.19476328987180269  3.644671975074206
 4000000  0.38709892369383198  0.19953183411151024  7.1681322102151093
 4200000  0.38709847284118198  0.21307686780974838  8.6011481184833674
 4400000  0.38709877966688389  0.15872111265906361  8.251731472046032
 4600000  0.38709886502677021  0.11062129846048983  4.9983782222357993
 4800000  0.38710015512435947  0.098304097727430095  3.6971998103304635
 5000000  0.38709851980105608  0.12760778352853325  6.7445941700634275
 5200000  0.38709978846200238  0.16063430461108424  8.2140660311747631
 5400000  0.38709864602575189  0.21050005329091101  6.2418369655565282
 5600000  0.38709969844120118  0.20933466409017326  3.5729358011114072
 5800000  0.38709886982040859  0.17279751567719395  4.0464753933667019
 6000000  0.38709871525318845  0.1375699106296486  6.6076039180228809
 6200000  0.38709827897896637  0.10487102304206138  5.2523235192646354
 6400000  0.38709840722397648  0.12284861208985443  2.6735478162406596
 6600000  0.38709811542779415  0.18240038519919902  3.204936159550043
 6800000  0.38709968874623257  0.20956017301688176  6.305963390931308
 7000000  0.38709831968135383  0.20087870116051545  8.268944669126018
 7200000  0.38709811278699452  0.16922201381567387  7.1471736440551616
 7400000  0.38709944256930134  0.11387410017260816  3.0047379152824383
 7600000  0.38709893923459338  0.091927046451053374  2.0001546337364529
 7800000  0.38709783377326995  0.14096259053430921  6.2360985326505993
 8000000  0.3870987550317922  0.17652475907055795  8.2120670725720668
 8200000  0.3870989806738403  0.20096001123618881  7.3845766410164826
 8400000  0.38709967441001703  0.19645103668019567  3.8637964671510079
 8600000  0.38709879367437799  0.13801137712660405  1.4527126390330449
 8800000  0.38710023374752428  0.09964926527455252  5.1452515088118664
 9000000  0.38709928193534404  0.10157356268800581  6.9824832127856924
 9200000  0.387098475730138  0.11712383778455514  6.5230422777000445
 9400000  0.387099345938135  0.17348292056952627  3.1893596736230214
 9600000  0.38709958653176924  0.20732812669501488  3.8056861266636997
 9800000  0.38709818347497754  0.14788850306110182  5.150644771828409
 10000000  0.38709834368962098  0.11826325403368465  4.0093243576116508
 10200000  0.38709936515269799  0.10606699390410246  3.3670447060834445
 10400000  0.38709920141651744  0.11114363730927253  3.652798400946947
 10600000  0.3870990670897041  0.1447035657486275  5.6269725280043712
 10800000  0.38709958412414192  0.19892244520468064  6.7706715518916454
 11000000  0.38709912883215369  0.15568691270934187  4.6222443529005561
 11200000  0.3870986237757903  0.1304598408065917  1.6474607395565415
 11400000  0.38709952377975426  0.10073071446810876  3.1844849726504392
 11600000  0.38709904693246122  0.097808262774758598  6.1592566671585027
 11800000  0.38709892402697332  0.1304094077320552  6.5640127101955015
 12000000  0.38709934359189263  0.19969026123542449  6.3729012502390567
 12200000  0.38709920273436227  0.17895535709935528  6.4696897894813965
 12400000  0.38709936463649619  0.15664973148150269  2.6704797616583273
 12600000  0.38709786534112156  0.13974357058854778  2.7675802172831911
 12800000  0.38710090898619698  0.11353548216556758  5.3721198608262366
 13000000  0.38709980331858757  0.12083998462030084  7.5772094501714271
 13200000  0.38709910812744158  0.20108384009215727  4.9463742824362456
 13400000  0.38709852442335208  0.21213792056968403  2.5537353391592172
 13600000  0.38709897812291522  0.16686845492810912  2.8489474929466292
 13800000  0.38709864035391472  0.1551524884433487  5.0585404574184025
 14000000  0.3870986342544932  0.11476078828576396  4.2751727700050912
 14200000  0.38709962106196144  0.10660845183738005  2.8400133578765803
 14400000  0.3870984227182459  0.16352103769354479  1.3293317765643553
 14600000  0.38709797916238364  0.20254156568375362  3.7853582387711047
 14800000  0.38709778830343849  0.18293856035664341  4.6951322820815911
 15000000  0.3870996697221758  0.1784824343254561  3.4573809158042077
 15200000  0.38709835747128746  0.11623626162230501  0.62087604096399351
 15400000  0.38709893419716424  0.058637348034270537  2.3259976122557067
 15600000  0.38709843668734373  0.098622822727504514  3.9236313234377436
 15800000  0.38709849546154157  0.17132790249780883  4.9608695620795711
 16000000  0.38709935633038423  0.16161027142964912  4.3918991844607458
 16200000  0.38709973749534227  0.15003546697228987  2.3718229704127078
 16400000  0.38709946016118668  0.12002354323240744  3.6988583503323578
 16600000  0.38709876674433308  0.064542826702145298  4.2312097538877662
 16800000  0.38709948328544258  0.075064536657966197  5.1642740467149313
 17000000  0.38709855621371952  0.15465034132662608  4.4320500516556125
 17200000  0.3870999021652477  0.15612213775539624  5.1132885220107562
 17400000  0.38709899664401187  0.090874567062194114  3.736730823647413
 17600000  0.38710009134690027  0.10626307877730994  1.7434365303405104
 17800000  0.38709977328529882  0.085955782243416823  2.8247200126545646
 18000000  0.38709878486614857  0.090688492566726009  3.3363718046117441
 18200000  0.38709869474316644  0.12174193808930001  3.3840633032046519
 18400000  0.38709996603053987  0.17799493714390527  3.9064596537239349
 18600000  0.38709987807173102  0.1116844085685627  5.6550867811466041
 18800000  0.38709875755425388  0.11092343137645279  5.7501081364454336
 19000000  0.38709827847028933  0.086331150615841262  2.0522775342138813
 19200000  0.38709890977347844  0.088200375552440605  1.5502996299018856
 19400000  0.38709989195079109  0.10674195767020943  4.3517219189344685
 19600000  0.38710011812235007  0.18604986480541874  4.080803145142557
 19800000  0.38709832515633624  0.12953576846714263  2.5209492446149486
 20000000  0.38709980576489778  0.11399912914233959  1.0644015886596994
 20200000  0.38709831509573711  0.10778256110062727  5.0786110263859028
 20400000  0.38709868998407715  0.076942533578217759  6.5576056849927156
 20600000  0.38709864593137289  0.098427643805271192  4.6396471706162163
 20800000  0.38709814460384462  0.16759939870939997  1.0609921780000386
 21000000  0.38709886310582081  0.14100453931275084  4.4220398551002713
 21200000  0.38709834181056324  0.10691303578868357  7.4694604677481076
 21400000  0.38709885486738377  0.10070790538719335  6.9164626134425422
 21600000  0.38709931313626572  0.027778314918543164  4.0276891897681901
 21800000  0.38709903474623247  0.028388262226826506  1.8556129522558431
 22000000  0.38709865353966183  0.091224510757891009  4.4584192497071831
 22200000  0.38709993698882084  0.13056434729477373  6.5275168208530197
 22400000  0.38709911809742215  0.096934575536613568  5.3497376890081147
 22600000  0.38709862706620024  0.10510838500128959  1.7690890391586991
 22800000  0.38709847081562504  0.052564687331983384  2.0785424234081247
 23000000  0.38709924076225211  0.041917605826390508  5.361379604076328
 23200000  0.38709884591609039  0.066831325352839172  6.2147591546696468
 23400000  0.38709843887944795  0.1280101839074281  3.8148880769896736
 23600000  0.38709884137791595  0.10921608547438533  0.28495859441162263
 23800000  0.38709908871107701  0.058164155198302293  1.8500257491252627
 24000000  0.38709914038911974  0.04833769307261028  3.1641305963185871
 24200000  0.38709982225242112  0.043640451048706466  1.8430273573388314
 24400000  0.38709950698480561  0.073277117521226079  0.82850682241839546
 24600000  0.38709883472493589  0.094789795042052885  2.9557161298078012
 24800000  0.38709829463511869  0.11295895631954719  2.0869898170649233
 25000000  0.38709894948758994  0.034209307837143599  0.42437665168278316
 25200000  0.38709884011841222  0.03841570467225431  3.522099308305997
 25400000  0.38710030511446469  0.039215041854601687  3.8737423963391415
 25600000  0.38709930984542729  0.093124804757017121  2.5280611886589046
 25800000  0.38709882778158988  0.07148594064333838  0.81437395503354271
 26000000  0.38709995256927243  0.12900812030185715  2.9547784713276233
 26200000  0.38709863718918502  0.076153707279074848  4.8357496600309098
 26400000  0.38709874011734424  0.035457113101710992  4.6774622847216492
 26600000  0.38709918857658554  0.025308343092721949  1.3817748247841792
 26800000  0.387098508073075  0.097713224805320589  2.9937920130394118
 27000000  0.38709919394440617  0.077840974137332333  6.9224195846026726
 27200000  0.38709854905075697  0.1174136581157507  9.4616799680602206
 27400000  0.38709952699559469  0.098484083144116927  7.5041574451517139
 27600000  0.38709969672601729  0.075007152467857691  2.1432933580233238
 27800000  0.38710013759090284  0.075081761532720198  4.5555051369183488
 28000000  0.38710071697656628  0.045704909283797543  9.5933301948096759
 28200000  0.38709961740496668  0.051669795876017714  10.64175707353632
 28400000  0.3870989093632784  0.11910814915546625  5.4262951737503631
 28600000  0.38710103175568505  0.16086243512836484  3.02454338905638
 28800000  0.38709920830763567  0.11753054398320545  8.1214649290035634
 29000000  0.38709935511622384  0.11832312706770572  11.316074873823336
 29200000  0.38709925979830667  0.063415143066036322  8.7710339268875117
 29400000  0.38709956930219663  0.039654540933497677  3.2100645987164476
 29600000  0.38709870268156754  0.023943818077165745  5.1843199205939294
 29800000  0.38709898129014308  0.07666097860966524  10.529593388477037
 30000000  0.38709902822405284  0.093199292817111382  11.400520094794695
 30200000  0.38709943883950532  0.15582477607118725  5.9179866916244652
 30400000  0.3870989284030204  0.15554888715015766  2.0041030601403711
 30600000  0.38709945527333856  0.12032638956738136  8.6290904662199441
 30800000  0.38709861608958102  0.10591632808439309  11.244647873143991
 31000000  0.38709889114554952  0.049137063987182962  8.1956746091087815
 31200000  0.38709848991444884  0.02295450999686259  3.4766015039657994
 31400000  0.38709832177567116  0.040906692897373198  5.8645000896867661
 31600000  0.38709904883840734  0.075855778712406494  10.461208400816563
 31800000  0.3870988828304206  0.10338820138256456  11.119836149083287
 32000000  0.3870995026229232  0.14653441164486383  5.5133743959460819
 32200000  0.38709929043271762  0.13281719173902648  2.5710222410467845
 32400000  0.38709953015889237  0.12134420832248984  8.3969610814511739
 32600000  0.38709990304943753  0.086936861729563691  10.681458089085833
 32800000  0.38709908020868339  0.070197284757613929  8.2092276278467136
 33000000  0.38709885465827792  0.04090963970116103  5.2761917320218767
 33200000  0.3870986354652457  0.040792619804535656  8.0196734828676544
 33400000  0.38709868113088086  0.063718724678843291  10.402485985460576
 33600000  0.38709836690320121  0.11727247892219114  9.5516388885554644
 33800000  0.38709851174580001  0.14463507518828167  4.3323518267775727
 34000000  0.38709857938436576  0.14528698949044969  6.6428423090521616
 34200000  0.38709902548434677  0.13823248491158183  10.329394579835258
 34400000  0.38709885547263195  0.11499022227910559  9.9063865459688856
 34600000  0.3870997088925659  0.099160495966309214  5.7602136490692537
 34800000  0.38709930626978933  0.053796810168233122  6.2529140904490328
 35000000  0.38709858286057619  0.018095341902325011  10.548272784273426
 35200000  0.38709880817057196  0.036857986024811273  9.9075175689189425
 35400000  0.3870992743749837  0.064673297701811752  6.0392193387181381
 35600000  0.38709970188091053  0.124807394450472  4.8467225909043465
 35800000  0.38709941285546334  0.13158577963446869  10.129328740623308
 36000000  0.38709907697018003  0.1258235989249559  12.32057375975967
 36200000  0.38709945767097209  0.13551947746123594  8.9278156874003223
 36400000  0.38710013521827252  0.11158310099042108  2.8328704741253987
 36600000  0.38709888884651023  0.11007917558945512  7.0625439215364514
 36800000  0.38709870482768183  0.05913206617955747  12.664639290515456
 37000000  0.38709902460132817  0.025423310800307481  11.606197753113968
 37200000  0.3870986653891601  0.063347892137194731  5.8292585142074174
 37400000  0.38709949629176071  0.1148180508040664  4.6844423581716068
 37600000  0.38709924447092758  0.09831509258050565  10.636219891033129
 37800000  0.3870988415708369  0.14669963208072917  13.224786470635749
 38000000  0.38709871944082069  0.12406009290102542  9.9972037369269415
 38200000  0.38709834607296356  0.16482195076622105  2.7589766394739579
 38400000  0.38709879098218364  0.12300621458573055  5.9714867627491941
 38600000  0.38709878568279737  0.054581206352594239  12.059493625708262
 38800000  0.38709912009611963  0.044549649715481442  12.491393065176426
 39000000  0.38709922329757207  0.040688193313809053  7.5328425228621496
 39200000  0.38709911052557705  0.051575680496271342  4.3785443328771834
 39400000  0.38709860892355441  0.099971702038577054  10.448295677543422
 39600000  0.38709890370902311  0.13411362715703418  12.891591660585531
 39800000  0.38709907472195121  0.15631613825789678  9.8295652435539616
 40000000  0.38709929784670055  0.200313543606256  3.5995271316531263
 40200000  0.3870986680233991  0.15987234329961936  5.5096506347983452
 40400000  0.38709927593037508  0.13387520472024853  10.911327863334312
 40600000  0.38709952135232462  0.092031152915832776  11.712662999064431
 40800000  0.38709921339783598  0.035240692217478893  8.5487182460968185
 41000000  0.38709917778792979  0.037065765737081181  5.6379381026838526
 41200000  0.38709859921601991  0.099631420462312673  8.7936271158130523
 41400000  0.38709949031119506  0.12371576744349103  11.591410758504889
 41600000  0.38709852126931066  0.17460035799963491  8.9297094124274228
 41800000  0.38709862575240755  0.18238179284502229  3.2512241908503201
 42000000  0.38709979636390163  0.17871224089528165  6.5464068040332659
 42200000  0.38709954991582723  0.15177050033051159  10.633579583294356
 42400000  0.38709866663563508  0.11149584876297346  10.185867926357854
 42600000  0.38709878716009138  0.09371149008308477  7.0606341556655225
 42800000  0.38709867518127961  0.029904848018840906  6.8439630043069837
 43000000  0.38709837061562408  0.03510456807679236  10.041484644993806
 43200000  0.38709855791776571  0.086591855571226214  10.977933719665
 43400000  0.38709919902803069  0.11484463711719357  7.2518583722488028
 43600000  0.38709819802328865  0.16946953632343539  3.7632380672441297
 43800000  0.38709852830065955  0.1812713670395768  8.943336014554129
 44000000  0.38709841593798583  0.15636533742570052  12.505498786015474
 44200000  0.38709936770247044  0.15515146380300657  11.62601993052056
 44400000  0.38709955406483798  0.11533916796995709  6.1256726234262393
 44600000  0.38709889872341063  0.094656744945145699  5.4368588736441747
 44800000  0.38709905553359425  0.046321052893474296  11.338867333985457
 45000000  0.38710023239902702  0.040670043959351254  13.28762962740371
 45200000  0.38709931002347847  0.092114591653298938  8.5269893457551209
 45400000  0.38709886088756268  0.12772545863968279  2.9002989404339918
 45600000  0.38709968936579614  0.14458907585206149  8.1061162158163818
 45800000  0.38709887576144358  0.17044675110335686  12.773287368169717
 46000000  0.38709848780293343  0.1565313765104441  12.968688214654835
 46200000  0.38709870007194713  0.16357568430149158  7.460680377144107
 46400000  0.38709936705907605  0.11155624657894238  2.0118964114677209
 46600000  0.38709913657905154  0.082216222711160775  8.7410581182158538
 46800000  0.3870990171457438  0.045528947825939081  12.918959406113482
 47000000  0.38709853787840176  0.038359215368383166  10.1748773398125
 47200000  0.38709898109641377  0.092396303708155991  4.3388771316666963
 47400000  0.38709839140852548  0.1407216355488633  5.9873267570857038
 47600000  0.38709892832160453  0.14625881614792338  10.99485059805945
 47800000  0.38709917316272208  0.17101418617349751  12.233967039034097
 48000000  0.38709873357307145  0.15601469701976747  8.3234748247669987
 48200000  0.38709843134072575  0.16143705277077317  4.0963410004281444
 48400000  0.38709936669237266  0.10626030540273368  7.5262770386679732
 48600000  0.38709985351187903  0.061652714115489379  10.709904730769544
 48800000  0.38709884906566161  0.053342546505840679  9.9879343482550436
 49000000  0.38709859620044162  0.071106012977086686  6.7745766033924433
 49200000  0.38709899494784522  0.10660070759263575  6.6543313983818013
 49400000  0.38709865150780765  0.14781761743423749  10.320766720562231
 49600000  0.38709839077451808  0.15711123854104117  10.68342021184475
 49800000  0.3871011927394637  0.2001200299722094  6.6633929185742904
 50000000  0.38709873680731255  0.17043607955047926  3.6928562875628823
 50200000  0.38709947380352783  0.13723255832345935  8.6590579206296994
 50400000  0.38709898217538996  0.10565345342986095  10.014632378136154
 50600000  0.38709897979801605  0.054134273328223133  8.058453418865648
 50800000  0.38709964628522764  0.060181238130284205  4.9173076188201259
 51000000  0.38709846791894542  0.11238632199225498  7.9659885267327102
 51200000  0.38710008151206982  0.13254953867925975  11.732708924326959
 51400000  0.3870985778670627  0.18118131488253031  10.76273667655947
 51600000  0.38709876319422204  0.18227743418676948  6.4974765997867827
 51800000  0.38709924911677129  0.20296360485450265  1.4160511113218972
 52000000  0.38709903254336214  0.17187425625710737  9.3487713110153248
 52200000  0.38709866455100533  0.1151332697941246  12.805552786891912
 52400000  0.3870992584731362  0.085668651950421046  11.543819066746606
 52600000  0.38709932547989956  0.041031280687974805  5.1435591252085802
 52800000  0.38709856303540791  0.068246777999655325  6.0119371705062061
 53000000  0.38710015833495337  0.13026475461032697  11.995366446823061
 53200000  0.38709832289033491  0.15097015183782442  12.968930657969787
 53400000  0.38709957163754494  0.19908531968885573  10.207390784552766
 53600000  0.38710026883600318  0.20500534132485518  1.6503943685006228
 53800000  0.38709915199138711  0.17861826976840786  6.6422870818943593
 54000000  0.38709986089933712  0.16046334827103026  10.866412494203287
 54200000  0.38709861661026262  0.11539929101252407  11.92845130214403
 54400000  0.3870988258074346  0.089176861416034592  7.596264323177544
 54600000  0.38709880252405598  0.061146195867379315  4.2681766233231144
 54800000  0.38709882745253088  0.082263673701934562  8.5345040872430697
 55000000  0.38709840926299371  0.1377583038356881  10.566092517201769
 55200000  0.38709869953661241  0.16451494723769144  8.5788937745680673
 55400000  0.38710098011784572  0.1971307406927601  3.0673642492225008
 55600000  0.38710017174241379  0.20122043813075002  6.3681485132016089
 55800000  0.38709845683162897  0.15532868085502941  10.006019066766285
 56000000  0.38709855320980474  0.12975315206532909  9.4959896839715707
 56200000  0.38709870901821131  0.076109620412232695  6.7686200900822442
 56400000  0.38709939083644646  0.050203289151831282  7.3599738050085834
 56600000  0.38709890054441637  0.062101441743565203  10.495987328376224
 56800000  0.3870990227994518  0.093649365676869253  10.122646111529582
 57000000  0.38709938344774281  0.14472727852781747  6.5156922895861467
 57200000  0.38709903438147114  0.17474213961769694  2.3648633529942686
 57400000  0.38709950249349684  0.16754941776554336  8.4175281674383147
 57600000  0.38709976951611036  0.16402396609343597  12.979723172332962
 57800000  0.38709879453601326  0.13698983560850134  10.585359142177708
 58000000  0.38709861619589997  0.1337332004687663  4.9438075199619709
 58200000  0.38709982202348892  0.070888691054393937  4.6602052099193383
 58400000  0.38709879104005884  0.033070069638276592  10.995039586364571
 58600000  0.38709893180485999  0.063819742381485828  12.481864258330198
 58800000  0.38709914078454011  0.088996561633578039  7.6248506201434445
 59000000  0.38709910676581111  0.12997386745416906  1.3030722316520922
 59200000  0.38709866876670362  0.16581420888824652  8.6349042203100907
 59400000  0.38709913024623543  0.14807716188320616  14.13077906842131
 59600000  0.387099475227622  0.1570034829934786  12.868366791690548
 59800000  0.38709834756198547  0.14527829445775875  6.4059225010239675
 60000000  0.38709881300593202  0.11512707411430673  3.0526102336895504
 60200000  0.387098998140183  0.064367813695363582  9.4981610981293567
 60400000  0.38709885957189027  0.036709691544142359  12.788226037017406
 60600000  0.38709894098656983  0.062169482223047537  9.5383249716892617
 60800000  0.38709835965353823  0.098577962260149837  2.5308968604267816
 61000000  0.38709862939638462  0.12337033714135213  7.2968840567856059
 61200000  0.38709914203486651  0.15059839748728082  11.857809981776256
 61400000  0.38709985207597991  0.15569514073859969  11.408274666742615
 61600000  0.38709816133081154  0.17942665860784177  5.9993659590320361
 61800000  0.38709817335695695  0.1294063568291724  2.5407044934331902
 62000000  0.38709927831050256  0.098388637029188986  7.4531453332775381
 62200000  0.38709974175645118  0.055519570757648566  10.202496386404018
 62400000  0.38710030711053106  0.035863679972453308  7.5669711397410522
 62600000  0.38709881595744616  0.074369371016696814  3.7379935725044473
 62800000  0.38709868046714518  0.12113476907576694  7.6710710474428483
 63000000  0.38709952563045269  0.14459778725270048  9.7182629489138677
 63200000  0.38709935758905778  0.17689826727129931  7.819441510032803
 63400000  0.38709930812965471  0.1718609314125632  3.1340921607368806
 63600000  0.38709862230594927  0.1393895569576484  5.0839280822023376
 63800000  0.38709893303000742  0.1157116515665593  7.9331207889391333
 64000000  0.38709910218312882  0.052835483300001151  8.2379424375391537
 64200000  0.38709884693843799  0.026617823468050302  3.2229181377874041
 64400000  0.387099278930156  0.10521386862409583  4.4056721954012401
 64600000  0.38709892977663291  0.15617836276087885  10.111641488421501
 64800000  0.38709816144080567  0.14880538770280033  10.998601851311662
 65000000  0.38710106241037762  0.19875630010961656  8.0719389280096614
 65200000  0.38709927025410412  0.13458413036034905  2.9074462242766237
 65400000  0.38709888808773002  0.11955332438903342  4.9659037370883725
 65600000  0.3870988903639957  0.096067421261830169  10.733714222248594
 65800000  0.38709903024105191  0.039839728527701762  11.203668623407808
 66000000  0.38709916024481789  0.084450744251589452  5.2656235817231503
 66200000  0.38709914489558539  0.18026193068179572  3.0729971209640197
 66400000  0.38709954701952337  0.17180308355201432  9.434807513377331
 66600000  0.38709907583799824  0.19339812121467106  12.365353036573737
 66800000  0.38709972249592872  0.18228593120852785  11.882780477386712
 67000000  0.3870988053968259  0.17506947089283945  5.4088313150650835
 67200000  0.38709909940013154  0.18344295761468848  3.0500830448484093
 67400000  0.3870984174330076  0.10719308476170819  9.3627922212181343
 67600000  0.38709907098825252  0.096726112481578391  10.884132933489397
 67800000  0.38709849798816021  0.099509097600623042  8.1249080632399071
 68000000  0.3870987483964452  0.095669215470381916  3.7036152663955098
 68200000  0.38709883939319478  0.16470622350880487  7.7146170435528951
 68400000  0.3870988968778224  0.1819506256184589  11.00057630511963
 68600000  0.38709879249285384  0.20499410749114452  9.6399088956877055
 68800000  0.38710001497453278  0.21985910546822632  4.0297845180668208
 69000000  0.38709908725891012  0.15423395646988258  3.9283564158389743
 69200000  0.38710103478736513  0.16971836513477995  9.1309710277603511
 69400000  0.38709956830518566  0.10948002089326073  10.89281321521794
 69600000  0.38709895204947786  0.069038328597776658  7.165923221063859
 69800000  0.38709964082778492  0.12967730600398314  0.71167451040141749
 70000000  0.3870981416634186  0.18926841513044323  8.6155789879332225
 70200000  0.38709848822991139  0.18571721973569744  13.967215294392023
 70400000  0.38709745707860721  0.23609996977542447  13.699093042978641
 70600000  0.38710066720409819  0.23888744232826806  8.4539607739209792
 70800000  0.38709845980683277  0.26671523225590715  3.3539126352990789
 71000000  0.38709971086817813  0.26019786959038599  9.2774267422000403
 71200000  0.38709839459130352  0.20874260381783108  12.638427864199613
 71400000  0.38709890637972699  0.20314553290413651  11.194385152743161
 71600000  0.38709829854753391  0.10753414527542936  6.3099842315427273
 71800000  0.38710006305674544  0.068127113392720678  5.8227603559171932
 72000000  0.3870986232264767  0.13747994432339877  9.7528655509484192
 72200000  0.38709832362689905  0.15381335837509641  10.966830487971002
 72400000  0.38709888744633614  0.1754230158460251  6.8642449395772118
 72600000  0.38709955463613815  0.30416670547647917  2.3880810982634211
 72800000  0.38709918011126826  0.27520035172964552  11.603956628268614
 73000000  0.3870981159750721  0.26289867957663743  12.933037680272607
 73200000  0.38709940109793256  0.26406936316665186  12.312093386659889
 73400000  0.38709877048520558  0.15753294839741216  3.4939101307536853
 73600000  0.38709848246354339  0.13923066217102339  4.8620699032502896
 73800000  0.38709909971777567  0.18595617638130005  10.181045680467697
 74000000  0.38709862362726938  0.15028223468187038  11.906729088494561
 74200000  0.38709894378145471  0.21653828063923378  9.2479943656320689
 74400000  0.38710053573041842  0.31403168508346213  2.6069786576405609
 74600000  0.38709869101752836  0.25388260971739907  9.9139069360112586
 74800000  0.38709687947950094  0.29575207482392551  13.163930681280382
 75000000  0.38710016359775562  0.24927892718306829  9.0083047221541452
 75200000  0.38709982219916966  0.2335695283549854  0.84622261886091832
 75400000  0.38709641312324949  0.25530969130402303  8.0308847243758059
 75600000  0.38710013003838334  0.16662965281709843  13.03309171030838
 75800000  0.38709907141610206  0.18565015283439085  14.709954941029158
 76000000  0.38710069381980738  0.23000007244417764  11.232999600969997
 76200000  0.38709828674700952  0.1890467987541635  2.8969481670719537
 76400000  0.38710025860492803  0.24538779249047338  7.0011960270207796
 76600000  0.3870978572923231  0.33483150056520633  12.27123275666815
 76800000  0.38709861149112085  0.26796042860935809  10.511096864668152
 77000000  0.38710130482442151  0.36122070685313357  2.8161189468238121
 77200000  0.38710197064629925  0.28606016343986329  7.2149200839899938
 77400000  0.38709958028557029  0.16950543966972351  10.674769952066271
 77600000  0.38709798588328626  0.20757897944958081  13.313330484634237
 77800000  0.38709925326201244  0.18441915648966573  10.207390914101317
 78000000  0.38709854038370001  0.17652536420706216  8.3541989205754348
 78200000  0.38709764223598275  0.32514904766791514  10.472601975374568
 78400000  0.3870974499967188  0.28344441533923681  4.3930917661512598
 78600000  0.38709856961318045  0.21193477754221857  4.876618570798966
 78800000  0.38709802725575865  0.24739980259765132  12.076123704640764
 79000000  0.38709882507337717  0.15547625390136677  11.262960253688153
 79200000  0.38709840575089322  0.17956035811388843  9.474038862536263
 79400000  0.38710040770178572  0.14835600160598233  6.9929818557540848
 79600000  0.38709918273702348  0.10527587063152238  8.8068842274591272
 79800000  0.38709920082300903  0.13296867328171871  12.191893864477972
 80000000  0.3870991913288877  0.20922022722891617  12.028858469614962
 80200000  0.38709948924109311  0.18115907578139581  6.9940637604708478
 80400000  0.3871001046500262  0.3244823599188465  2.8248304725166409
 80600000  0.38709863688334684  0.25247335015626621  11.535522134408344
 80800000  0.38709859400452762  0.19256226460630502  14.185127744929087
 81000000  0.38709961072731025  0.19518899167900902  13.881548367910121
 81200000  0.38709920396636532  0.082730366011888226  10.325163367469948
 81400000  0.38709904845783077  0.11493620114273707  9.6525771993313594
 81600000  0.38709891271841973  0.10389569173355248  12.112561021934468
 81800000  0.38709885704729613  0.092947959827767615  14.740249373804495
 82000000  0.38709932537811076  0.18361605456200492  14.979942196479731
 82200000  0.38709892142684532  0.16360086895114978  9.9452976222241762
 82400000  0.38709811056680427  0.24690600328102777  7.3977597072903496
 82600000  0.38709909809032711  0.28320590760546316  8.656958892234794
 82800000  0.38710036271908316  0.20397044686008606  6.0036543354317491
 83000000  0.38709900650742973  0.24118935398143643  10.271846028928504
 83200000  0.38709937503241587  0.15364776055090565  12.932769454904935
 83400000  0.38710052094785441  0.13692462965819124  14.73455733375622
 83600000  0.38710035971199924  0.096856245908928204  14.559937943687578
 83800000  0.38710017672131841  0.028574904996058911  11.668832036543161
 84000000  0.38710034208443606  0.065329481562428876  12.430271483587084
 84200000  0.38709978418827773  0.082215949031365781  15.098563139375361
 84400000  0.38710000932305455  0.1127565644105626  15.374809055988102
 84600000  0.38710042429825542  0.18082541238860544  12.813431304880529
 84800000  0.38710017166349076  0.17590092194140919  9.7798914210850398
 85000000  0.38709989269885009  0.2698031731453337  9.8773949991998968
 85200000  0.38710063157829372  0.2446137334796098  9.2444338293753621
 85400000  0.38710115973699488  0.26869501517825134  8.1481006073604956
 85600000  0.38709882615665836  0.25942504017763807  7.2527314392606037
 85800000  0.38709939704365626  0.14339209335538947  10.64435170856998
 86000000  0.38710073234390513  0.14777302587582991  14.521942975170907
 86200000  0.38710013185335673  0.11015489109186138  14.728276983932089
 86400000  0.38709952896936706  0.099101961526777929  9.9499195322579599
 86600000  0.38710274190517452  0.16622892409728343  7.3570539060206492
 86800000  0.38710006707340672  0.1707459553914901  9.9676260101869953
 87000000  0.38710129933237919  0.21571676349823152  14.050318171903948
 87200000  0.38709999826423624  0.24351721544568833  15.039713355439972
 87400000  0.38710182057933828  0.25832024174786433  11.081297326514477
 87600000  0.3870988193318976  0.33029385155164565  1.6634444487002384
 87800000  0.38710072459867961  0.22682514768568351  9.1615585941490618
 88000000  0.38710048131498415  0.22196137315562736  13.036922604705918
 88200000  0.38710074744856515  0.17416614187883483  12.579721956681057
 88400000  0.38709973495200828  0.13622151972986349  10.396746441726364
 88600000  0.38709988146485957  0.13812866705668322  9.0380150598455895
 88800000  0.3871007555365033  0.11943985631367393  10.392273676619698
 89000000  0.38710002398079246  0.14292186564062875  12.098733286150432
 89200000  0.38709925840930576  0.21719007912437593  10.699894565078688
 89400000  0.38709984320592372  0.20099879067728282  6.8468282963248477
 89600000  0.38709962458380337  0.31732319970090084  5.1663716915599904
 89800000  0.38710322444585049  0.31300167687798591  9.1889728809274427
 90000000  0.38710372309906382  0.22051010572185109  9.4773958183673113
 90200000  0.38710307578669861  0.22412814713880244  11.149064225824207
 90400000  0.38710395016142041  0.1963550152224797  8.7470875253477107
 90600000  0.3871032492217743  0.16166794867062348  7.4492452038438
 90800000  0.38710393612496363  0.25839036230943468  11.000531521219303
 91000000  0.38710301687326976  0.27182280265950304  6.319566913474147
 91200000  0.3871047301299339  0.28798179445900368  3.9599691089868183
 91400000  0.38710083771592019  0.34760122549950584  7.8496354477257766
 91600000  0.38710225734331333  0.23945574483145893  6.9633553835743989
 91800000  0.38710243691097945  0.1881517150024426  10.572340446950333
 92000000  0.38710253813492479  0.23626316593665414  13.147890904082374
 92200000  0.38710264609013129  0.19969149631065866  12.30190537381875
 92400000  0.3871033015026501  0.25434914942316966  6.8967289948997097
 92600000  0.38710658872442455  0.3699334527042667  2.4055598554039728
 92800000  0.38710377356707021  0.31723729040757476  6.966867258053127
 93000000  0.38710340327487436  0.33466900570391572  7.9399882442882328
 93200000  0.38710067891206107  0.31945866776115295  1.4211365462410288
 93400000  0.38710315356955144  0.19970692598426801  9.9851490405742105
 93600000  0.38710360171116043  0.22416163138640441  14.519285582353689
 93800000  0.38710126697033415  0.25175409592886921  14.685790546015026
 94000000  0.3871044736870079  0.23588653491800085  8.0984286976423139
 94200000  0.3870996107471108  0.3802002160773576  4.7482205226385119
 94400000  0.38706173553255974  0.4121361016333151  4.4084907104608897
 94600000  0.38706416389718779  0.29979742969600348  6.7120130949560428
 94800000  0.38706234237131981  0.35186614376069386  10.105799900744936
 95000000  0.38705800720058359  0.22598319494752683  6.0165634477261989
 95200000  0.38705652839655769  0.18432961793128289  4.2298530500901528
 95400000  0.38705752454641318  0.27277284007214231  10.747253774874016
 95600000  0.3870633475792965  0.24635228107061027  13.017842140635805
 95800000  0.38706353363746021  0.32588366749235964  9.9128418939091283
 96000000  0.38709747439723297  0.43659548226664768  5.1830222468169813
 96200000  0.38710364361466715  0.37535887786762406  10.010403330170233
 96400000  0.38710015672287773  0.40696126587435782  3.818454689300939
 96600000  0.38697580215330624  0.35423267429857608  7.3324566515423513
 96800000  0.38698257810638598  0.24320878191457235  3.8037840469528326
 97000000  0.38697888917545131  0.28372962389231327  10.151873719242776
 97200000  0.3869944060637564  0.32834713779570929  7.7814625316669046
 97400000  0.38699430332818219  0.32924486000414666  5.9664908573399149
 97600000  0.38698229658215361  0.41066134562035944  16.341260571116219
 97800000  0.38697385227599257  0.40897278279355448  6.4332685560548732
 98000000  0.38699793558589324  0.4650249751244378  15.327071703033175
 98200000  0.38707668245145582  0.4342069423969302  5.8583945344186965
 98400000  0.38707430282203853  0.36278904986390903  17.956324989765104
 98600000  0.38708467999983753  0.40191583172411488  14.969390733748828
 98800000  0.38708401236572776  0.34908827438637524  12.961758337409956
 99000000  0.38709151125821339  0.41636411328373552  14.311457533283749
 99200000  0.38709034450750501  0.3615104626579328  15.88716202973097
 99400000  0.38709415020317212  0.47371959308122102  10.822186487177007
 99600000  0.38708904606747851  0.41878985764152132  11.820729886814631
 99800000  0.38708895814241012  0.49822387311805016  8.1886518682164002
 100000000  0.38704678823890509  0.42312841635272352  5.5587423936535059
 100200000  0.38703920982438383  0.4329197700801749  14.853825684869014
 100400000  0.38702799164523666  0.36830066070478223  8.0406311997497255
 100600000  0.38702463326918501  0.29789190219300549  14.991578159577317
 100800000  0.38702705499296752  0.31875594008060998  15.367838588313848
 101000000  0.38702639422957913  0.29039009831404333  13.859135497781104
 101200000  0.38702608131784733  0.27199870445869545  6.0696488423425707
 101400000  0.38702662247199415  0.16185782589111414  5.7204210495810619
 101600000  0.3870272570019927  0.18708044425231068  10.451516500209681
 101800000  0.38702597922318371  0.1031125820706755  11.120229748778069
 102000000  0.38702620956737549  0.098048325736799405  5.4890189178572779
 102200000  0.38702632303324652  0.13722778586912299  3.9385311264559526
 102400000  0.38702557633462736  0.14776176797790697  11.895611311858953
 102600000  0.38702548349570931  0.19571897808467076  13.187571821263635
 102800000  0.38702532555602032  0.20508425359888191  10.46243026740256
 103000000  0.38702579776246399  0.22129202568720854  6.3178387671871592
 103200000  0.3870274752017927  0.34566904948293964  12.053101377900138
 103400000  0.38701571213753205  0.30607887787597593  19.224358153449671
 103600000  0.38700334306963186  0.39542952172544604  14.650622947639775
 103800000  0.38704816497705574  0.39366816663789611  11.909227626119367
 104000000  0.38705001718028753  0.42909231214822868  21.74340779487321
 104200000  0.38702617608904177  0.45588232234829451  9.9789872350434301
 104400000  0.38695997794633313  0.53780440823812981  16.386694557946932
 104600000  0.38696142128725286  0.4933753034423618  17.335977898036962
 104800000  0.38692681238060994  0.53641074166332381  18.840654627645304
 105000000  0.38697703074013878  0.45814464552208189  6.5540899356470819
 105200000  0.38698791902743557  0.59698305255579009  9.8348602980308577
 105400000  0.38698120638263561  0.63239812764632819  9.1732175368359545
 105600000  0.38704265109456487  0.6979562513214731  14.871963770631876
 105800000  0.40324070475671425  0.68529738151929109  7.9088087434347045
 106000000  0.4033217065116067  0.52271273808569607  9.1868744527103186
 106200000  0.40147963010796572  0.66538302322122578  27.320101819383726
 106400000  0.40248849022267041  0.63614829135096873  9.288771293619412
 106600000  0.40246748653758674  0.75607943700184488  12.924534206814785
 106800000  0.41172514846639985  0.69260340695600342  5.8241845560140808
 107000000  0.41173047020955478  0.68051926745515001  18.126001742673438
 107200000  0.40950949500118011  0.65973909050814827  23.836263200538017
 107400000  0.40950791449995816  0.63750346055408424  12.863458359841847
 107600000  0.43002809463853808  0.61070990721787199  23.713888727272977
 107800000  0.42882325980148278  0.6750631951750149  17.323687930818984
 108000000  0.45232040547408681  0.56623618850759316  11.831783258921469
 108200000  0.4523448200020902  0.15030152096181473  10.29865609222103
 108400000  0.4523368268474402  0.31712021038349292  13.193487435442185
 108600000  0.45233526684559372  0.69134358059038337  2.17124575432848
 108800000  0.45055317656140104  0.55788215810256914  12.244903998645166
 109000000  0.45059963274692372  0.36503299505616915  11.934310992990168
 109200000  0.45059737103097003  0.43182970854608749  8.6764243671730839
 109400000  0.45062212821340963  0.45675419919020893  7.157973042549699
 109600000  0.45059704617479612  0.11238244230527127  4.4788274785427271
 109800000  0.45060122423158194  0.47919766386930568  2.6288276734496852
 110000000  0.45059947176232734  0.12827147486067564  7.9065411764913875
 110200000  0.45059580159639989  0.47475322866785857  5.5852325225458657
 110400000  0.45061348730686274  0.52500606598222133  13.491996106766566
 110600000  0.45060343076494103  0.16514771969670444  6.2744975380777683
 110800000  0.45055665551264118  0.42904047748526813  8.5847332944523149
 111000000  0.45062623174251942  0.54880154315705099  6.5949210598870591
 111200000  0.45061139769266628  0.062908721658057359  3.8524194673933274
 111400000  0.45059562228052308  0.55085971265743627  4.0284484788068875
 111600000  0.45060547777472543  0.14211859734515594  10.126577255654421
 111800000  0.45062128470467522  0.45849852039313893  8.0835106892537354
 112000000  0.45055084903572223  0.57769650086414448  7.4196225036085783
 112200000  0.45060755621463205  0.18050825743005516  11.898013378880744
 112400000  0.4506184980261827  0.32619655552607818  9.7229646176340534
 112600000  0.45060716188899014  0.54121394824359914  11.034404099862689
 112800000  0.4506111370792712  0.20958118135736384  3.0772231654482867
 113000000  0.45055745229712124  0.45117659015001765  2.696770412917656
 113200000  0.45060934589215662  0.24290635471547228  11.748962101706798
 113400000  0.46916213171559901  0.46594995243472176  17.053074258518944
 113600000  0.47902466333857774  0.3515358804481345  8.5910155008908529
 113800000  0.49616072926289906  0.35648456518157329  12.571285032866516
 114000000  0.61447465713888483  0.37764052920648938  22.181698165709868
 114200000  0.63249533900651111  0.36598767271036581  20.065602117660013
 114400000  0.5891657385674347  0.32629036293783542  14.829204352486514
 114600000  0.62851542548285688  0.30434368880381785  19.270087882573108
 114800000  0.59403387843037825  0.35748714733025089  17.706180077357246
 115000000  0.59106798616897926  0.36512657665511844  16.804030235556052
 115200000  0.59173878022060422  0.36259328036693173  18.906905057433566
 115400000  0.60576584135718925  0.070081844260262968  18.112111474241757
 115600000  0.58606086309686323  0.27927853758890758  11.084366405755274
 115800000  0.67189963936203467  0.15898874170060434  17.258317271787121
 116000000  0.61415809404277188  0.1740655015792642  15.312802725971078
 116200000  0.61792592368960275  0.15526604487960813  20.797823536543532
 116400000  0.60710279288232705  0.22939141650756473  9.467356711958411
 116600000  0.58683402605846624  0.29702845812423812  17.927086123229913
 116800000 -0.33634599038504986  984.48121155347008  21.764041621082942
 117000000 -0.34052273666421118  622.09046411822499  98.587267190026935
 117200000 -0.34064645005779126  3305.0446221637521  160.94829488831968
 117400000 -0.3403117355194209  2625.6387436817604  115.75020950718854
 117600000 -0.34017151400264006  7818.6658107377079  25.973227395003232
 117800000 -0.33997196636811883  1672.2691586854573  20.030125191157726
 118000000 -0.34040413851048068  11779.444369892388  84.420189585953537
 118200000 -0.34078077878146412  51734.7584390872  46.94229156396581
 118400000 -0.34071982110650512  45455.479179109607  28.402927860516989
