462639 201 8 39.476926421373008 63241.077088070931 1
0 0.01 20000000 4 20
0  7  8  9  
#
# HNBody body-specific file (Bodycentric coordinates).
#
# Line 3 encodes the data type for each column as follows:
#
#  0-Time (= Epoch)  1-x1 2-x2 3-x3   4-v1 5-v2 6-v3
#  7-SemiMajorAxis   8-Eccentricity   9-Inclination
# 10-LongAscendNode 11-ArgPeriapse   12-LongPeriapse
# 13-TimePeriapse   14-PeriDistance  15-MeanAnomaly
# 16-TrueAnomaly    17-MeanLongitude 18-TrueLongitude
# 19-MeanLatitude   20-TrueLatitude  21-Mass
# 22-EncRadius      23-CaptRadius    24-IdTag
# 25-JacIndex
#
 0  30.068963480000019  0.0085858699999999746  1.7691699999999995
 200000  30.173446557439313  0.0060013000328596874  1.9064894245589392
 400000  30.19055532356747  0.0091127134642956555  2.2917601319635286
 600000  30.068065311595504  0.0069232698013363221  2.2051880849758789
 800000  29.928048072797722  0.012169034386786739  1.9992922380360463
 1000000  29.882463790714475  0.0014263319380437599  1.718508403347627
 1200000  29.960867515808555  0.011557399573216574  1.1264038931478362
 1400000  30.123136442656271  0.0099343502165842052  1.0012698346889375
 1600000  30.187402026303513  0.0048180403869696005  0.99691494759565591
 1800000  30.139806490443309  0.0088282412567203469  1.5631465037257724
 2000000  30.04295348947894  0.0084517414073988703  1.7865230465644524
 2200000  29.948957499245214  0.014191746616254721  2.2909180529392588
 2400000  29.97575734729871  0.0083337429474754053  2.1248858613761499
 2600000  30.096963733707032  0.0080162756674616933  2.2025470992082323
 2800000  30.243318595573253  0.016641252440309451  1.7610534402642117
 3000000  30.248839198477199  0.011723074433466662  1.3987417838346639
 3200000  30.125809198418999  0.0061798040973668053  0.99862440242634176
 3400000  29.999979392601844  0.012642984907175185  1.0085593057179165
 3600000  29.948288289089319  0.0086684475334315603  1.2872950782205241
 3800000  30.028974502100311  0.0058954590699390463  1.7359175798149675
 4000000  30.1545719368725  0.012867122918652869  2.126209584644696
 4200000  30.212456430122618  0.0079339501782926102  2.1337609767843118
 4400000  30.174929266547874  0.018066189314470245  2.2948502281363976
 4600000  30.020968990960551  0.005084583201800141  1.8146213276378733
 4800000  29.906847181559392  0.0073600945053395083  1.6566300454401413
 5000000  29.925282567608701  0.015575621161027495  1.0344193729906839
 5200000  30.067174442184356  0.0051764972947762377  1.0262893042014849
 5400000  30.165597386675358  0.0061199188219147127  1.0355865756703668
 5600000  30.17709567743201  0.014198700361826249  1.7006786804954073
 5800000  30.10017309620951  0.0098901860330078244  1.9031907911729129
 6000000  29.959130495437908  0.007652072113846187  2.227016591331838
 6200000  29.92671532906461  0.0084600224329439994  2.2643938984464893
 6400000  30.015739345939096  0.0071083643634778952  1.9725266288984771
 6600000  30.160514650294999  0.011440520303301184  1.8058457377202999
 6800000  30.262828843358179  0.0040780519876550698  1.1409833051208067
 7000000  30.204397345291103  0.0069311005740000237  1.0565102456213926
 7200000  30.076754682126673  0.0126326370880057  0.91972876316363728
 7400000  29.982637865036256  0.0028810794200265742  1.5414816446110402
 7600000  29.99894868781772  0.012017115582626777  1.7188118722499104
 7800000  30.096708702722079  0.0098257013130733564  2.2540563645415239
 8000000  30.205826991125161  0.014355839629483589  2.1508654597498129
 8200000  30.229855433032121  0.0087227050198251856  2.1805672374580531
 8400000  30.105947266354768  0.0046186071434346351  1.8629908305514258
 8600000  29.959379304396357  0.012182971370657015  1.3920902444920877
 8800000  29.907051724176224  0.0108831924994852  1.0933933330253303
 9000000  29.981027379131518  0.0064399162511811336  0.91387137834589527
 9200000  30.113850955186464  0.013428895148163335  1.2859460693913503
 9400000  30.186467542787796  0.012535112596411421  1.6336825439448255
 9600000  30.146950089558796  0.010100260312381204  2.1396827949071158
 9800000  30.025999067204857  0.012872776353631953  2.1097763808195467
 10000000  29.916326287825083  0.0061348020457399795  2.3345858320706734
 10200000  29.936806675911235  0.014638595434735191  1.8862813147644528
 10400000  30.057342987500757  0.0064160029856617298  1.6797502498649493
 10600000  30.211488636070335  0.0074612271740854301  1.1335031736377548
 10800000  30.216325276015894  0.016708845450424902  0.97176765765325512
 11000000  30.128291954018376  0.0089801443954547096  1.0261602795838609
 11200000  30.02993595616266  0.010547811112865754  1.5957404539657905
 11400000  29.960386750222085  0.011220220561576431  1.9139654623231821
 11600000  30.038080185595287  0.0077363609151093193  2.1519319665989656
 11800000  30.170754729664846  0.0087038444607715447  2.3232464393261929
 12000000  30.25982932790377  0.0094410237101562634  1.9725184818194808
 12200000  30.207092603860058  0.0033133908223056574  1.8862785266471433
 12400000  30.051353129076126  0.0144235730427946  1.2049999293081448
 12600000  29.935773703936558  0.0032620653837297968  1.0889531145516864
 12800000  29.939994137340712  0.0048444604773302822  0.86525343558911627
 13000000  30.058192391415865  0.01458997319151647  1.4732487731616373
 13200000  30.152319244379502  0.0048323818526993948  1.6640887164078713
 13400000  30.171459596341652  0.0091732412385972309  2.1844994510188993
 13600000  30.093728730471408  0.0070601913832365306  2.1886740765995008
 13800000  29.938169913021625  0.011459219443880139  2.154392058352498
 14000000  29.888419538850659  0.011188591146613667  1.9695655748325118
 14200000  29.96523502749432  0.0046762629806701489  1.4114428169249433
 14400000  30.132434976458978  0.01312331714938751  1.1944939200262537
 14600000  30.212711846971494  0.013513478850054831  0.83962990987471198
 14800000  30.169035013882532  0.0068294754681531254  1.2873188565384954
 15000000  30.060376342406006  0.0070822814683050919  1.5351795020800898
 15200000  29.953712894931066  0.013348682261161334  2.125242999379418
 15400000  29.974503221181209  0.0072641662211369636  2.0903338767112656
 15600000  30.089296634958583  0.012154383619370501  2.3199095267729501
 15800000  30.217913663099139  0.0083008415248277279  1.9570110784947892
 16000000  30.268564854715564  0.018008708940589459  1.6723988166364125
 16200000  30.146823504228664  0.011546510275914188  1.2392690702706297
 16400000  30.007645182265524  0.0023875098432464149  0.92332237561034891
 16600000  29.961046137883312  0.015715121652186411  1.0525560576349133
 16800000  30.014406254844843  0.0072921266637068442  1.4879924246820022
 17000000  30.12651374128092  0.0060743149366686193  1.9269028881132408
 17200000  30.207371173919583  0.0097306730229516358  2.0800072560306924
 17400000  30.168228651664229  0.011263192380054417  2.3510756170718401
 17600000  30.017407637854461  0.010739743224574919  1.9963429904767576
 17800000  29.908488865673668  0.0088826510014000555  1.9265085637744463
 18000000  29.906349359946134  0.0046266537669866162  1.2932450645796318
 18200000  30.021773013654197  0.013278027277822887  1.0902976391825914
 18400000  30.168238516363303  0.0043739873990038874  0.85648038421175454
 18600000  30.17799009701314  0.0018815871602638912  1.3919805196041382
 18800000  30.112087353366586  0.014787468998801876  1.6557548826793529
 19000000  30.004738808428318  0.0036633188121188423  2.110781072907209
 19200000  29.935453960914504  0.011247404695908033  2.2579215425613461
 19400000  30.016655524024248  0.0087068422680316466  2.1334444235202401
 19600000  30.157260779952249  0.0094709209937087219  2.0612186893211923
 19800000  30.265633586774467  0.016103847431575079  1.4456220343478194
 20000000  30.211844259566831  0.0018223557226371193  1.2568767219942445
 20200000  30.086600977079787  0.0073055880375889268  0.79154962741762791
 20400000  29.98724943597238  0.011167350206088528  1.2588248611457975
 20600000  29.97641977361565  0.0061123841423008545  1.4535488850568083
 20800000  30.09012139897321  0.0079669253759729226  2.0742646819447157
 21000000  30.199357088333084  0.016701087113025204  2.0996335521461478
 21200000  30.236225914745454  0.012299441034414542  2.2851768855929651
 21400000  30.136755560146732  0.013246518770031513  2.049097958120123
 21600000  29.974143920435836  0.0059792593885172919  1.6760504440535413
 21800000  29.906132642919278  0.011636719660845993  1.3591985648552893
 22000000  29.971749095303451  0.014030199579937629  0.88814464254318681
 22200000  30.111071898775343  0.0029217565131979639  1.080294857930588
 22400000  30.168081778476164  0.013907352235550761  1.3504810919110199
 22600000  30.153896995943199  0.010782260197965158  1.9178074764770328
 22800000  30.041507461135044  0.0087446851786671387  2.0085869324026242
 23000000  29.911250768592161  0.0071904399943281353  2.3557017926663724
 23200000  29.934711813095507  0.00951699986120501  2.038181183862847
 23400000  30.045902615994613  0.01198731260623016  1.9428436161743619
 23600000  30.205180966053639  0.0074479900900780846  1.4052870885750428
 23800000  30.245824461288546  0.0036181433037868137  1.078239379967846
 24000000  30.145188425108426  0.013074797032101321  0.89396000786704555
 24200000  30.022096545004029  0.010378741556795938  1.2967412149052107
 24400000  29.963075946420698  0.00342220170105354  1.6616644471282556
 24600000  30.017152085215518  0.01515661159124415  2.019911419655501
 24800000  30.131406732654519  0.006600004467518749  2.2982210646762491
 25000000  30.228399393226031  0.009650663562892358  2.1067956066902407
 25200000  30.194849065078643  0.0040750238772127058  2.1086824819186432
 25400000  30.041198972516739  0.0058369042692369222  1.4961806345930033
 25600000  29.931577880972448  0.015195806574916778  1.2829335119623611
 25800000  29.920589959236082  0.0027785625195635311  0.797539307312784
 26000000  30.0310300510709  0.0085686035539955119  1.2201013431051644
 26200000  30.14883413190201  0.014508977107492629  1.4120737071291019
 26400000  30.177840537548036  0.0076201668925217703  2.0117468736189332
 26600000  30.102799218122616  0.0084443724744897065  2.1313854485885835
 26800000  29.956253145364848  0.015388776008065052  2.2420070322260242
 27000000  29.897272088615384  0.0092975976207963027  2.1487950911750295
 27200000  29.957908673162283  0.01146665474334548  1.6845836682414659
 27400000  30.113310658977397  0.008028385490154985  1.4545494677595956
 27600000  30.226494703851191  0.011748897692481384  0.86819102431143791
 27800000  30.17986410303272  0.017914434912086004  1.081377312900581
 28000000  30.094013584481942  0.0029194656603865514  1.2387478699502126
 28200000  29.999297372022383  0.012312542748884946  1.8931349267805757
 28400000  29.980927604578216  0.0098366171535878011  1.9773312002605494
 28600000  30.09590835775985  0.0049823949018295158  2.3437517946700659
 28800000  30.227750904278849  0.0068358832132108015  2.1187910876032663
 29000000  30.273725050779923  0.014528185447475674  1.9418394323767847
 29200000  30.161764410845805  0.012560167350383608  1.539560632578715
 29400000  30.023738883204235  0.010086367221034429  1.0594809803228116
 29600000  29.941778151368073  0.0047335427267847134  0.94183978159106907
 29800000  29.997353637512187  0.010218206748893994  1.1755369997921983
 30000000  30.117552634814324  0.010511955656367245  1.6581654309049467
 30200000  30.185049878962953  0.0056075497662578097  1.9167786629239911
 30400000  30.178937465785442  0.011508594016739648  2.3169427770629611
 30600000  30.04730877800101  0.0059282393763889357  2.0922276089689946
 30800000  29.917691377123198  0.0098951994419767576  2.1389773789661746
 31000000  29.913884797597014  0.0077929706100575112  1.5861439114199321
 31200000  30.028713446556843  0.0043143863759325966  1.3121349437866849
 31400000  30.174199126532933  0.01752844227885016  0.87392936340026117
 31600000  30.197091175822884  0.0034452176623261457  1.1546923135716869
 31800000  30.13784874004735  0.0038499532818232177  1.385398272655826
 32000000  30.007718078214189  0.011256111600684253  1.910543032024494
 32200000  29.933467422715065  0.0090803376458939988  2.1566042523328326
 32400000  30.007490919142938  0.0085863236384783482  2.178537186662135
 32600000  30.13718316012228  0.014621818217280818  2.2169398300534073
 32800000  30.256630149794724  0.012533985604084807  1.7027321362480279
 33000000  30.237870958174536  0.015017983158709707  1.5204602551141553
 33200000  30.09376879190539  0.0062118451255530789  0.89390931023205433
 33400000  29.980354832500328  0.0052149423570309423  1.0724115752682546
 33600000  29.976021815691546  0.017410477236718593  1.1611178457779738
 33800000  30.052232564583434  0.00080081832889632848  1.8535165471065449
 34000000  30.160355758029382  0.0086382417032295298  1.9666730825491587
 34200000  30.21862053442139  0.01455996738866616  2.3038708850395873
 34400000  30.117517257258552  0.0083004182084951521  2.1889556276885309
 34600000  29.951723808217217  0.0098774785544259898  1.9239036578628992
 34800000  29.887872857158108  0.010619194748596886  1.6431016420339628
 35000000  29.928659340873654  0.012897857171715037  1.0411955235280379
 35200000  30.077473086534692  0.0088629927147428362  0.99264600242941414
 35400000  30.174735243262585  0.0031374147933435196  1.0724462011162481
 35600000  30.1477769549108  0.0086349313400323462  1.6550931459058906
 35800000  30.056497611406449  0.014564972385509871  1.8435418419329708
 36000000  29.940858868739085  0.0061008603882117055  2.314879965811163
 36200000  29.932133724938097  0.0098683710211359393  2.1192108157398444
 36400000  30.042080182697784  0.0088938687133460377  2.1496913533862543
 36600000  30.196978242892367  0.0089079122906296042  1.6995343001124399
 36800000  30.243315086168487  0.0072936857677259421  1.3113993865116795
 37000000  30.151726851024954  0.0048270457292446918  0.95811233368343673
 37200000  30.036566310358374  0.013957183444293961  1.0513847832184255
 37400000  29.967074844249279  0.006351308152254897  1.3695851523618101
 37600000  30.010282545193821  0.0055121818408745199  1.8026132816331357
 37800000  30.14462446803169  0.014915815223879792  2.1818872340417479
 38000000  30.235224144624922  0.011006899739596607  2.1410476203579587
 38200000  30.218329053688333  0.014029445852262044  2.27912871441292
 38400000  30.075001181067144  0.0098932758822417536  1.7541178459851645
 38600000  29.945458955175319  0.0081603551394361252  1.5708689742349009
 38800000  29.921723904074625  0.012146092893777926  0.96410119690503893
 39000000  30.036828099153254  0.0092300937073561892  1.034730030487609
 39200000  30.147331530428762  0.00448715045683005  1.1149774169109803
 39400000  30.178173105374665  0.018366276782620032  1.7699109236703277
 39600000  30.132965802193699  0.0063664843146223988  1.9687452903902738
 39800000  29.989975470936542  0.0068340117353988582  2.234228157425445
 40000000  29.906952673133905  0.012562415807976018  2.2548584437076369
 40200000  29.976635942141211  0.0053884053235157166  1.9073553081265038
 40400000  30.11900021804075  0.01132377411937207  1.7420036010051394
 40600000  30.240627725935781  0.011917464464544324  1.0677016540599067
 40800000  30.225091445826369  0.011169516946578155  1.0439346592755732
 41000000  30.10799441184038  0.013832275872630013  0.98438671456585214
 41200000  29.997029393012784  0.0062070121405674366  1.6189885703717761
 41400000  29.978977064384068  0.0073893223538651926  1.7750670596896223
 41600000  30.062010096928425  0.013177195802330044  2.2769016533412967
 41800000  30.191591803636037  0.0073598354082352281  2.1514272018147409
 42000000  30.251509504556584  0.0037647550338676073  2.133729452274181
 42200000  30.161755207121068  0.0087409521672592982  1.8029442020519098
 42400000  30.005260249417621  0.0070119536641333417  1.3081790755028493
 42600000  29.932080507732348  0.01148029593323543  1.0444408562666678
 42800000  29.969405190226148  0.0036385499569849301  0.95046667003399898
 43000000  30.087294348699611  0.014423644596436368  1.3764377881784788
 43200000  30.17537071197653  0.010653383567764347  1.7077375937161734
 43400000  30.167468662025076  0.0025663232507882692  2.1993584669934725
 43600000  30.043182738107916  0.01108981693568542  2.118928442228317
 43800000  29.906077757655748  0.011474972754215249  2.3038595361160374
 44000000  29.900259044664665  0.011979967293108464  1.8261780742265146
 44200000  29.994754232167423  0.0082006273638966093  1.5825985611966245
 44400000  30.157523061979497  0.010962446109392997  1.0560765422380538
 44600000  30.209242639209805  0.014807893990187681  0.97749532452646881
 44800000  30.136529212174764  0.010253968142883825  1.1112556479709235
 45000000  30.039320065912474  0.0033111298074982309  1.6690959200531863
 45200000  29.959809902677222  0.01627231157851947  1.9844374486370846
 45400000  29.995862353904261  0.0066187972668969256  2.1663531349940737
 45600000  30.140487489638385  0.0030988401821019605  2.3143065199099215
 45800000  30.26050306646432  0.015843469037308818  1.9261016123595009
 46000000  30.235346920727551  0.010347927006463274  1.8141816363605721
 46200000  30.097373493604142  0.015038598396618771  1.1314126485025791
 46400000  29.977392783844294  0.0068368003626300558  1.0580601437847068
 46600000  29.942242797808596  0.0090212857842312134  0.91315914980904378
 46800000  30.039181743336147  0.012085475389556035  1.5487184963201572
 47000000  30.155370213325106  0.0037645151878781839  1.7384620850792556
 47200000  30.196276672127507  0.0046095428854932355  2.2141129514535058
 47400000  30.1396421870753  0.015180101405309825  2.2127806751343435
 47600000  29.979447862807493  0.0061066789800007784  2.1122689870126963
 47800000  29.895010569244299  0.0060495654647311908  1.9154980769111229
 48000000  29.942705066613847  0.011227417801480786  1.3240156492304471
 48200000  30.084540787212884  0.0057652540184899119  1.134647920811134
 48400000  30.179998500147249  0.011868720367854562  0.86145692344308356
 48600000  30.16947928125159  0.0023404073877131633  1.3705078035782829
 48800000  30.079618429746418  0.0090563343723137398  1.6112793451425205
 49000000  29.954971976668087  0.012352098421765241  2.1750705336367058
 49200000  29.937447167343194  0.0030321486816502394  2.1081976258200186
 49400000  30.051697147604067  0.012381414090954048  2.2839692810057768
 49600000  30.195508926379276  0.011145566403031713  1.9042489924340913
 49800000  30.272982404930477  0.015064164566476313  1.5854725350374619
 50000000  30.196159089291719  0.0076401820607264566  1.1693824744326409
 50200000  30.051918788423567  0.0065649838649804683  0.92545511595831287
 50400000  29.979853815865514  0.010990624561265681  1.126010308687267
 50600000  30.008111159549117  0.011740281822559966  1.5454383461557399
 50800000  30.11173967861081  0.0026593363080075105  1.9966681663898251
 51000000  30.213721686668887  0.015779569759603318  2.0950616567463798
 51200000  30.216320250230172  0.01433663241137337  2.3455012064873206
 51400000  30.070511461912851  0.0061983262769113928  1.953282631062043
 51600000  29.932736317624915  0.01318673507193676  1.8511997904264768
 51800000  29.910236108266314  0.0070468840813271176  1.2192768765875961
 52000000  29.993538143711916  0.014677041741652963  1.0423666892007166
 52200000  30.139083182518888  0.0058647747084879702  0.89634245723847406
 52400000  30.186455160021758  0.0069957899027340226  1.4730835112648282
 52600000  30.128271126027517  0.015340008446832334  1.7468488087898271
 52800000  30.012437714772712  0.0075132840586462166  2.1507780451647363
 53000000  29.909146394286928  0.0049950586580623122  2.2812790979971798
 53200000  29.961123026609439  0.012299232036254966  2.0919654282346976
 53400000  30.101814814229019  0.0074321044861624897  1.9940270138880376
 53600000  30.227788719068606  0.0056520284402599786  1.3564130024046597
 53800000  30.215852512038051  0.0098888395762357466  1.1806517047054035
 54000000  30.10787538827066  0.004942783407009088  0.80027038761900127
 54200000  30.007255509081041  0.014229166177511443  1.3415092770416479
 54400000  29.965811723967587  0.0030364770763592029  1.5354928834951176
 54600000  30.059011361410967  0.0093383240030042447  2.1281011234829736
 54800000  30.19035147978575  0.016906744719178208  2.1294986459867737
 55000000  30.254255173415654  0.0042727733651183033  2.257783816022124
 55200000  30.17521198752522  0.0093860983532484139  2.0183258944366402
 55400000  30.007891553881922  0.0099734074059943788  1.5944946316489683
 55600000  29.921444033805667  0.0096950181677492552  1.2899891636334782
 55800000  29.945060476101681  0.0088694111922682697  0.86243739893781368
 56000000  30.081744742423748  0.010252993281903678  1.1291107279147801
 56200000  30.163633324543948  0.012331352193583296  1.4094265252807936
 56400000  30.161591547017007  0.012670953150519165  1.9868975822736936
 56600000  30.073204106052863  0.0039840907404585591  2.0426101039179745
 56800000  29.922582168160705  0.011656211005028764  2.3562185446774997
 57000000  29.905021858961398  0.013860042995557945  2.0153799041234812
 57200000  30.008314997580921  0.0055217981022168171  1.8655560558311639
 57400000  30.163945509324432  0.013877008035289313  1.3455792800496995
 57600000  30.230667184653765  0.01074917240229183  1.0257953546112542
 57800000  30.166348120783855  0.014458899212583434  0.9235977194678554
 58000000  30.041005133102928  0.0095528201599153189  1.3750451281638298
 58200000  29.956187173240689  0.0055836514219291247  1.7475900962144497
 58400000  29.991398356684723  0.013416384536692234  2.0470131847261963
 58600000  30.112529679864185  0.0048736684461788658  2.3126445829299391
 58800000  30.228487248434774  0.002967081410046455  2.0607299477579288
 59000000  30.237373594716772  0.011235254351088112  2.0423410912667395
 59200000  30.098999192555933  0.0097045993562856134  1.4151727927730069
 59400000  29.979825689474225  0.0090830032692529056  1.2179540206975006
 59600000  29.943033138575533  0.011553024255473672  0.80359393264514656
 59800000  30.01285758683186  0.0043033384032822447  1.2927194165178295
 60000000  30.134390448841785  0.013407801640771089  1.4928323109128625
 60200000  30.187971106540893  0.0042323199161804735  2.0585861189613546
 60400000  30.13967139603983  0.0016501180239495727  2.1668210030947868
 60600000  29.979371864957269  0.01597942558249282  2.2106276782210288
 60800000  29.888618348537399  0.0040788964631502458  2.1154916055329598
 61000000  29.93160787455842  0.009667613169363978  1.6044871764676802
 61200000  30.059762200112928  0.0096589411410361366  1.3736214099296487
 61400000  30.195204924503557  0.01152561642362919  0.82744307285061913
 61600000  30.187191854397856  0.013076270802321009  1.1239535748623766
 61800000  30.104658129044434  0.0060859698742648004  1.3182448126796986
 62000000  30.007310278710793  0.0091081583184792168  1.9752936698168531
 62200000  29.955160418415552  0.013642787488073621  2.0245834299264405
 62400000  30.052586422986401  0.0042229240875635626  2.3460477320466606
 62600000  30.203860423784477  0.0091147386290281358  2.0944927094991157
 62800000  30.282229252603788  0.020333543051175431  1.8619897849339642
 63000000  30.193117014313231  0.0090267534819598334  1.4674918519334521
 63200000  30.064810187804877  0.012035161977515899  0.98998391186625057
 63400000  29.967844178905278  0.0070021658110151902  0.96097327735787696
 63600000  29.981059890911368  0.010807323194740493  1.2517678343121241
 63800000  30.107729730914517  0.008414360775847703  1.745524440570942
 64000000  30.195758276617365  0.0063493555742922935  1.9547786090403154
 64200000  30.212132372105845  0.014733385823601177  2.3337820094580017
 64400000  30.098315991368068  0.010927452861473962  2.0704342070313286
 64600000  29.935191410025148  0.0043381834969956432  2.0809988080933266
 64800000  29.901195556922961  0.0089633495498491877  1.5232168109559057
 65000000  29.989641213855698  0.011853730030219747  1.2374809028786311
 65200000  30.127779379996781  0.0099123977701831567  0.86017085839425911
 65400000  30.179207530145028  0.0079839966882976864  1.2071339284012774
 65600000  30.139204681823301  0.0046644158146337857  1.4626127485235993
 65800000  30.017817316334103  0.011922698614016842  1.9645432835768983
 66000000  29.913119836096744  0.0076726613287684368  2.2018365083073479
 66200000  29.957974288846984  0.001712954571556159  2.164599456428157
 66400000  30.097217686093195  0.016701076022712799  2.1907009334178587
 66600000  30.231032365479567  0.0050798237314997573  1.6263595628088221
 66800000  30.245726121952053  0.009333522206571911  1.4395773707592214
 67000000  30.126176060841853  0.0074464140817865742  0.84293479661794024
 67200000  30.000398007849949  0.0066419985647391492  1.1136188989869686
 67400000  29.967804597301228  0.013635165105938566  1.2447431685918156
 67600000  30.037573676816454  0.008973770848385295  1.9220328350030826
 67800000  30.152031356294682  0.010522440866933554  2.0173882113292372
 68000000  30.227503207672875  0.015790915109448505  2.2956547217576739
 68200000  30.165036650926794  0.0084708976431509524  2.1643052077845208
 68400000  29.995236531022762  0.0062464826345208493  1.841716290344978
 68600000  29.911580305222579  0.016058303150579198  1.5735960549961803
 68800000  29.931607709528965  0.0080196080967277761  0.97605781799384217
 69000000  30.046505330451705  0.010932777974473055  1.006830321595545
 69200000  30.16699961346011  0.0097314679451942082  1.144794644929376
 69400000  30.164239177799399  0.0093747486779550381  1.7339791402801228
 69600000  30.073624509049868  0.015223969746037071  1.8903539173801567
 69800000  29.945148883987528  0.0046314828521142187  2.3372565493838415
 70000000  29.900918773587772  0.011539327679530486  2.1094527783346471
 70200000  29.998053117065442  0.010143190699029638  2.0953332826163771
 70400000  30.152035966195857  0.0033658355074661717  1.6342010474152766
 70600000  30.228205832312721  0.0057159130835659905  1.2273421973777299
 70800000  30.170751648334807  0.013805578719764249  0.92229378957709363
 71000000  30.068321465796082  0.011647597027828291  1.0969782867899187
 71200000  29.986030881213267  0.010188483240561024  1.4632159108119966
 71400000  29.994404308179885  0.0050502802887194692  1.8685999798029831
 71600000  30.123183071048224  0.012544402226554598  2.2370145525498164
 71800000  30.242391298256447  0.0098252715700987894  2.1361377922404201
 72000000  30.252477572316426  0.0055687784281424355  2.2494192288721679
 72200000  30.117621133087646  0.012025330326929241  1.6884788500616734
 72400000  29.982402621450476  0.006923224353533707  1.4804807204833006
 72600000  29.930334181651904  0.0072186356227510922  0.90630680802381547
 72800000  30.008787353019752  0.0092306294724585382  1.0626316491824312
 73000000  30.137779835503501  0.0092746744933234117  1.2006118917037791
 73200000  30.18600131315754  0.016689731547214967  1.8285786608538317
 73400000  30.153370197854766  0.0045690622088842021  2.0225618358135167
 73600000  30.025324538678369  0.0063410089592082402  2.232692467376753
 73800000  29.902599774094686  0.014747503995399988  2.2397082071556436
 74000000  29.9422950921916  0.0082306660526560368  1.8496118659804119
 74200000  30.082922717267373  0.0061997867888300253  1.6772033775592143
 74400000  30.203461941248232  0.018316358792723243  1.0074506001707513
 74600000  30.219652258231392  0.010488913716649952  1.0435498420544895
 74800000  30.125008479915621  0.011305151031876209  1.0417310658994885
 75000000  29.998667823487036  0.0082003882954612868  1.694315211268709
 75200000  29.956505779092389  0.0056299085908418436  1.8339370897799188
 75400000  30.035091610143251  0.013625835033392503  2.2993512974214094
 75600000  30.171337499136911  0.0040868958513380453  2.1563975952965202
 75800000  30.264605547208202  0.010465430020784448  2.0772846009108923
 76000000  30.204769983760375  0.01442938536760653  1.7413033288820807
 76200000  30.049431493840462  0.0061151884082293901  1.2200653539771504
 76400000  29.957120041363094  0.0096358830450425509  1.0112857094270944
 76600000  29.96888099331732  0.013212089626168922  0.99540800469953639
 76800000  30.064906367790933  0.010543589024192692  1.4698233397708991
 77000000  30.168961017884786  0.0069269320173680465  1.7732407280474665
 77200000  30.182195614424227  0.0051719198900380559  2.2432184957833723
 77400000  30.072205480440424  0.0076736636968044872  2.1191307130904482
 77600000  29.91609894726729  0.012689305175101322  2.2572101748590074
 77800000  29.881611907948219  0.0038517333625637355  1.7620739877805518
 78000000  29.963960993895327  0.011398250893998194  1.4947263413391554
 78200000  30.104157855962185  0.0088973318512512133  0.99872178341922024
 78400000  30.199520862704453  0.0090195506227219082  1.0049230493021537
 78600000  30.141535799134267  0.008663104669457097  1.1925477405874232
 78800000  30.040427779401622  0.0065628896159252333  1.7279127833550765
 79000000  29.949924464445125  0.01522540946002483  2.0539587664749495
 79200000  29.960894276623566  0.0078251231724936164  2.174422732758635
 79400000  30.099137984353298  0.0070918163722026332  2.3053698740692883
 79600000  30.237989783798803  0.016080981496022662  1.8733070217078951
 79800000  30.242741640945397  0.013264948898364675  1.7392277341116413
 80000000  30.128784931703052  0.0096830786672106421  1.0617004465414006
 80200000  30.017276157467471  0.01174008687305211  1.0328147146056441
 80400000  29.956349924778312  0.0083191329573477444  0.97200443049336471
 80600000  30.026980868004507  0.0087840689884650606  1.6323421358363661
 80800000  30.160242164863455  0.010054052833727341  1.8229600487136357
 81000000  30.217821903805962  0.006155409972240811  2.2449554276594625
 81200000  30.186815457412333  0.019635326572841921  2.2290626179257811
 81400000  30.026255062262315  0.0039866753183817197  2.0604586867151462
 81600000  29.905530725497318  0.00627251681838347  1.848055528566618
 81800000  29.931652572006588  0.013803048233337941  1.2362407840834413
 82000000  30.050991186368051  0.0055449854759466169  1.0852524681269857
 82200000  30.159402160703998  0.0075066273224521527  0.89172181513139348
 82400000  30.175974885657642  0.011976730995212898  1.4570540134306205
 82600000  30.100185599772825  0.010270732762254438  1.6727135023449671
 82800000  29.970704142876773  0.0095011047495463085  2.2182737375304926
 83000000  29.916404747829628  0.0054030497881928487  2.1215285218033126
 83200000  30.016028896980799  0.0079494969522447417  2.2468049943208466
 83400000  30.166462475166156  0.013601100324584614  1.8647290895212307
 83600000  30.262161575632561  0.0061839996022270763  1.5046956673007297
 83800000  30.214736652774207  0.0051637568229004008  1.1164369730651937
 84000000  30.083237720135589  0.011034762618596809  0.93044271113684696
 84200000  29.988963743917676  0.0050369533490893063  1.1954977567254281
 84400000  29.994163059756431  0.011726287591400675  1.6002679445324717
 84600000  30.099471758225416  0.0082229274840672217  2.0619124020282658
 84800000  30.208264816207365  0.01654402688203431  2.1107241876706624
 85000000  30.240162090554694  0.010322331187399607  2.3354605835064142
 85200000  30.117134614478644  0.0031663842646292612  1.9107464634465929
 85400000  29.964127158477819  0.011874760200429076  1.7663775470397107
 85600000  29.922350648645068  0.010746452407145213  1.1516880718688252
 85800000  29.981699196460504  0.0093396360789801038  1.0162266818228662
 86000000  30.113087375227416  0.012266480786541828  0.95720222388830323
 86200000  30.188539010206238  0.01170399332382769  1.5599591164458919
 86400000  30.140335762814228  0.011245286956629809  1.8280765606500067
 86600000  30.018966456238651  0.011436857683837114  2.170698895373028
 86800000  29.89937118274451  0.0044412979358240635  2.2905001492792456
 87000000  29.920836931293891  0.01628110290543926  2.0340924397631772
 87200000  30.054286071423022  0.0053980988286103752  1.9234478373923265
 87400000  30.188495350064276  0.0044436287251284458  1.2707208032635926
 87600000  30.21252499659586  0.014766685416234823  1.1295540857892619
 87800000  30.121251835212394  0.0083741161095346912  0.82781315595411598
 88000000  30.019913862730725  0.012824010122018102  1.4203870705751664
 88200000  29.961420070272737  0.0097878666689706455  1.6108882453413416
 88400000  30.028944504160659  0.0079790616899707723  2.1764795309109641
 88600000  30.171971359660738  0.011289053988384132  2.1618724798363269
 88800000  30.259345256846  0.0051717724997430116  2.2226473482696281
 89000000  30.200904133532546  0.0019093665149380393  1.9898623704242338
 89200000  30.045361250111899  0.014429551147526641  1.5103530141262993
 89400000  29.946873720108137  0.004663264686841596  1.2172040361091281
 89600000  29.938879947064684  0.0055698969273912215  0.84728311762748865
 89800000  30.056021585494278  0.013382020042588731  1.1885983678212484
 90000000  30.167357624225694  0.0077774484438928202  1.4834381443550444
 90200000  30.174340118848828  0.011942407578515682  2.0627486839095117
 90400000  30.10200696461709  0.0046846104986265399  2.0724470848675711
 90600000  29.949306763281061  0.012412235845491846  2.3523639051509364
 90800000  29.891537666039632  0.012879853496475469  1.9812150020487587
 91000000  29.98408875976526  0.0029629014379187035  1.7823923972587052
 91200000  30.125751309416504  0.012202780224689975  1.2811420872130002
 91400000  30.208097555370163  0.014175674457579663  0.98756771737974702
 91600000  30.174571180157663  0.010484812947017344  0.97560255768448945
 91800000  30.063541446754737  0.006922043481188027  1.4471601287853486
 92000000  29.954041236878854  0.010634033017488337  1.8267551972001828
 92200000  29.969400577122229  0.0087315948720308699  2.0656074473331105
 92400000  30.092230943671211  0.010695193303150023  2.3250165798019906
 92600000  30.223555666113555  0.0049091166888346324  2.0200703771648536
 92800000  30.272015294068062  0.01838620155978244  1.9798465790613595
 93000000  30.147078081871037  0.011760923647222135  1.3452432607328713
 93200000  30.016491423456639  0.0036304974330051447  1.159092090972027
 93400000  29.966893446757719  0.014616650436373365  0.82053675633118628
 93600000  30.007286444387283  0.0071884142669991404  1.360733986889157
 93800000  30.127074395375654  0.0094168822509060369  1.5674171554109146
 94000000  30.200087326611982  0.0065485415856297293  2.1070768974011176
 94200000  30.172253030910397  0.008804086658265986  2.2000127150212383
 94400000  30.01415650977286  0.011964910228448462  2.1808674484685953
 94600000  29.895811446676124  0.0060866799480162083  2.0779388640216236
 94800000  29.918558227730131  0.0044999081189773934  1.5130500304980723
 95000000  30.029089218368799  0.013669061349629859  1.2930550914368737
 95200000  30.168765032314408  0.0062074132506247546  0.80489815816693333
 95400000  30.194165153424127  0.0048959711378304691  1.1927126701664943
 95600000  30.1096468054544  0.01289642115829668  1.4004667111679612
 95800000  29.998915803328952  0.0042133674909227035  2.0432721406330927
 96000000  29.932121069037716  0.013190334457071649  2.0635260099586072
 96200000  30.007615496404167  0.0065496915888614352  2.3325228459038643
 96400000  30.160328041995655  0.011168067113095665  2.0603212540573148
 96600000  30.268351081826928  0.017744596094489067  1.77366323754953
 96800000  30.203841857984635  0.0031128123817367234  1.3968395790101418
 97000000  30.084035237038581  0.009125355027147862  0.94023524429339222
 97200000  29.987099077019586  0.010923625870322612  0.99631827996220956
 97400000  29.973720213006107  0.0083217141036064975  1.322358319475007
 97600000  30.096161527740005  0.0076105115472281616  1.8240845074044905
 97800000  30.203771420702576  0.014475720542499761  1.9932443252089771
 98000000  30.232558829064271  0.012341216955185474  2.3538580388514667
 98200000  30.128473872957017  0.014334904564593607  2.0513593678399915
 98400000  29.959340072066436  0.0037488121046580494  2.0258414991048981
 98600000  29.901577570649632  0.011952999654379312  1.4555751295098434
 98800000  29.966944920357665  0.013723564787040711  1.159863005069637
 99000000  30.098835848327493  0.00051816568839076389  0.85092283493501852
 99200000  30.17190381659616  0.012464666058047927  1.2583963492650696
 99400000  30.147196415313882  0.0094405653851849236  1.5513123523934198
 99600000  30.031440530386242  0.011153193059207582  2.0140168330082622
 99800000  29.910113093311249  0.0061507567268749078  2.2460710376084725
 100000000  29.929434224025709  0.0072627512781883452  2.1435627452321571
 100200000  30.061111994279297  0.013711452383879597  2.1568686168700415
 100400000  30.204937567878638  0.0060586195335376146  1.5474999162045557
 100600000  30.235849079210244  0.00052188855945190394  1.3605972553549697
 100800000  30.142328416395682  0.011710708853487309  0.81543317916519575
 101000000  30.023923120964493  0.0099958723010204059  1.1669581994336879
 101200000  29.959841841701529  0.0056819235300660121  1.324503838745348
 101400000  30.021954829148996  0.01381166233186905  1.9735120643939836
 101600000  30.144603058869169  0.0073504817904141108  2.0554642417188411
 101800000  30.235142237725483  0.0131334605020274  2.2804711915941911
 102000000  30.207822580043651  0.0026385083388977175  2.1362514201958374
 102200000  30.042148023156649  0.0048590314435000481  1.768629745013196
 102400000  29.939184868012131  0.015576121994902907  1.5060927352812474
 102600000  29.945198279169137  0.0023258497951406812  0.92472521594264201
 102800000  30.032586155224198  0.0089013048493801865  1.0354218013654961
 103000000  30.154079870780105  0.014275793419888948  1.2097762651618031
 103200000  30.181477511944056  0.0097160213224621698  1.8140925474257874
 103400000  30.096699327238206  0.010229718762669555  1.9341431767792558
 103600000  29.954188834709949  0.012415219551843618  2.3566260726740165
 103800000  29.888600736532624  0.010058593092515274  2.099273673112954
 104000000  29.961178471669669  0.012614250482006035  2.028134422539587
 104200000  30.113137863780128  0.0045152918164530591  1.5598078506874637
 104400000  30.219580912988398  0.010688136746560726  1.1388310284802099
 104600000  30.180586750939799  0.017434592028454324  0.91256935868545219
 104800000  30.085487671628879  0.0049878322701136513  1.1584858724183869
 105000000  29.996920195370492  0.012461254448677862  1.5608023656751806
 105200000  29.975149090035831  0.008802110725661989  1.9245729458169039
 105400000  30.096213320417679  0.0075070152136136915  2.2767045425583361
 105600000  30.229089169943926  0.0060192920650078401  2.122318252444265
 105800000  30.27305399659404  0.011053300758371304  2.1964963125268917
 106000000  30.151853293582917  0.012308416159033454  1.6219906934568555
 106200000  30.01465490219087  0.0099787482323043727  1.396564310569012
 106400000  29.94629481694858  0.0043927557027308795  0.86510006056266187
 106600000  29.994652657955985  0.010583802426894577  1.1048538652539679
 106800000  30.12737522415334  0.011566613327822032  1.281434696070648
 107000000  30.200358802195201  0.0093514789578531005  1.8819579190763402
 107200000  30.175865931583147  0.010221891702295059  2.0816418351342016
 107400000  30.049787824362635  0.004710213903695833  2.2246834792032737
 107600000  29.910507104825914  0.012611452641928157  2.2290225935720813
 107800000  29.915718112702542  0.0075011281626651497  1.7880161186274599
 108000000  30.043418470975482  0.0032036999155271705  1.605828161846242
 108200000  30.166098014124298  0.017924561354010483  0.94204858123886437
 108400000  30.198104548705789  0.0053622255765083896  1.046310305322649
 108600000  30.126484461093344  0.006531832195378404  1.1072646915235145
 108800000  29.99609206446868  0.010396068819662038  1.7744626438768156
 109000000  29.931970170437165  0.0092197703219004702  1.9003705091933736
 109200000  30.006098547069911  0.0099556293602784448  2.3122862014044339
 109400000  30.145771067833401  0.01304205606464209  2.1600773785812324
 109600000  30.260342934973  0.011508038076697785  2.0089734798170995
 109800000  30.231765337799526  0.017099165658114378  1.6759581494174529
 110000000  30.079388054321342  0.0063707206995585533  1.1358396046365138
 110200000  29.977981150076328  0.0054042273048413208  0.99454432799126147
 110400000  29.973513879026868  0.017022117449850317  1.0376041843531461
 110600000  30.054902931004872  0.00261691027726368  1.5611323459929098
 110800000  30.169710984756417  0.0073895226788978181  1.8141379501370174
 111000000  30.20525538891291  0.011084999349149518  2.2771192562372886
 111200000  30.1067809465839  0.0084687346861506384  2.1111048638191452
 111400000  29.943761575092342  0.010381345273741627  2.2082570007943034
 111600000  29.883970767282165  0.0075925935084457507  1.7141857224590749
 111800000  29.954282421406358  0.012247219919956691  1.4102184384493943
 112000000  30.076405055049737  0.0097002939385144142  0.9584088932541871
 112200000  30.180911381202954  0.0014055367714681372  1.0299313317398797
 112400000  30.14870219099636  0.0074836216868724862  1.2774899378066884
 112600000  30.041461482541688  0.013869954297568486  1.7785029702292408
 112800000  29.934506391986009  0.0086200805804955635  2.1188299544398532
 113000000  29.930936081440024  0.0096369208707066875  2.1725136354556347
 113200000  30.057929285552852  0.0081269067636899825  2.293381986186918
 113400000  30.203594566299397  0.01206353201465675  1.8156939742455365
 113600000  30.238801416716555  0.010166084556146957  1.6517940939528399
 113800000  30.14406857594695  0.0016177037512236927  0.99540454927098032
 114000000  30.038128830533015  0.013889239045868952  1.0288276160085654
 114200000  29.975744974454436  0.0063882601353378709  1.0453938160930676
 114400000  30.019763819348242  0.0062586382407319556  1.7133899808262594
 114600000  30.165669862972788  0.014074013658087412  1.899124760448875
 114800000  30.240472554463022  0.011969474935354852  2.2547775318263157
 115000000  30.222466034033314  0.016482548400495567  2.2409240826324548
 115200000  30.071171957273524  0.0088734885029262377  1.9922708464452998
 115400000  29.929958214820385  0.0079377957692020017  1.7882537992353333
 115600000  29.934066038753791  0.012863179386410555  1.1524162313555182
 115800000  30.041554052417688  0.0083010448608434751  1.0542306473727401
 116000000  30.152933143725704  0.0028066745146260955  0.92372377204662737
 116200000  30.182039661836612  0.018250486821623828  1.535647569415866
 116400000  30.111420429397949  0.0068182489266680572  1.7270602309074643
 116600000  29.980232948362936  0.0082670893844590549  2.2537053276071006
 116800000  29.903796103603145  0.010493378730540024  2.1468866910536519
 117000000  29.98395974671347  0.0056677018992484134  2.248167444255786
 117200000  30.149227022052361  0.012789141783358207  2.0187486015051905
 117400000  30.249191970113124  0.0092850134354209145  1.8150993026821451
 117600000  30.14428849902167  0.012987671528478569  2.0066284152456082
 117800000  29.946894282497315  0.0058795410966096312  2.8208597768037844
 118000000  30.22216162183387  0.011395803542366585  6.2546925616292564
 118200000  30.023025574085441  0.004926459013367677  17.483353383105623
 118400000  30.012593756339964  0.0020234004168034956  17.464552250962669
 118600000  29.890199931022664  0.038628370970078804  14.645122276856831
 118800000  29.794632803930682  0.16398771960140071  18.922470446442581
 119000000  29.695801846416778  0.24368508373110243  8.8998912353680666
 119200000  30.084850319979392  0.2248955840989898  11.09325939078076
 119400000  29.776427849439873  0.1968384312525514  17.934839054008233
 119600000  29.963793418968923  0.19314614140465569  24.982873158805624
 119800000  29.809387857719425  0.16691247916002575  30.920376229585333
 120000000  29.825600398165463  0.2104242183727906  32.48962311328043
 120200000  29.881289735874105  0.19916994752822698  32.941078124787637
 120400000  29.777532043461971  0.21602990956256302  36.026891265748318
 120600000  29.942978196481516  0.31417221439077664  38.804540068815676
 120800000  29.847037856588649  0.32345024626125235  40.957512121098496
 121000000  29.793795460846532  0.35441830849686179  44.319686301651629
 121200000  29.967330487822963  0.384998653098028  48.009192680096326
 121400000  29.79024063955098  0.43166611351015338  51.75512954760358
 121600000  29.905261070440591  0.45793947928695233  54.727472573023157
 121800000  29.867992415447159  0.44427538184036341  60.163967734662556
 122000000  30.014174293502965  0.48468857454044745  65.287006628327973
 122200000  29.862740935669283  0.56865626568563843  70.19757826308296
 122400000  29.801170055480505  0.63514441278151823  76.082692993619659
 122600000  29.294314320758208  0.64923255880731767  76.189805806364348
 122800000  29.993150862048417  0.66406641607873584  66.507648724215684
 123000000  29.505376110896542  0.63253217143416551  51.83557178801734
 123200000  29.030513458974315  0.63197518093811322  35.28152079689383
 123400000  29.853797436522676  0.68372828897976057  21.384960497958666
 123600000  29.477232647889956  0.71149162382163766  18.212275594995202
 123800000  27.92886542254794  0.72964512102690238  27.412056728346219
 124000000  30.969658158182408  0.77677957965988842  48.799890711246107
 124200000  24.417117717157353  0.82297085628472388  69.377377425908307
 124400000  10.071056578560889  0.51465673568885328  76.653960052609904
 124600000  14287.75848459754  0.99978990074961971  51.423720206458505
 124800000  12504.684728222313  0.99943099614268738  53.547609792537983
 125000000  12163.889847761062  0.99894949391739418  56.438060219184813
 125200000  11914.517776255889  0.99867340656081882  51.909369480775439
 125400000  11688.047756212056  0.99848695215550576  48.159222394711072
 125600000  11463.438540523626  0.99838487209205784  48.129048686187339
 125800000  11105.180510382963  0.9989920768449132  51.728506277405486
 126000000  6612.053416433102  0.99971303861310024  46.350731943934591
 126200000  6334.5699877640473  0.99976667814958575  88.959997805782592
 126400000  6391.4587554429618  0.99995061276352115  79.322419710520748
 
