462639 201 6 39.476926421373008 63241.077088070931 1
0 0.01 20000000 4 20
0  7  8  9  
#
# HNBody body-specific file (Bodycentric coordinates).
#
# Line 3 encodes the data type for each column as follows:
#
#  0-Time (= Epoch)  1-x1 2-x2 3-x3   4-v1 5-v2 6-v3
#  7-SemiMajorAxis   8-Eccentricity   9-Inclination
# 10-LongAscendNode 11-ArgPeriapse   12-LongPeriapse
# 13-TimePeriapse   14-PeriDistance  15-MeanAnomaly
# 16-TrueAnomaly    17-MeanLongitude 18-TrueLongitude
# 19-MeanLatitude   20-TrueLatitude  21-Mass
# 22-EncRadius      23-CaptRadius    24-IdTag
# 25-JacIndex
#
 0  9.5370703200000051  0.054150600000000375  2.4844599999999994
 200000  9.5109302901361961  0.03880811971374324  2.324947532647232
 400000  9.4787113954093325  0.08266663909059635  1.7964997800532145
 600000  9.4893722194411918  0.019012339437178363  0.99354649379040572
 800000  9.5289115411975658  0.068088840761716798  0.77039112990487724
 1000000  9.5387132266665393  0.06495674989562257  1.5378055342402575
 1200000  9.5062923692731509  0.020747251503017348  2.2624173141804889
 1400000  9.480733651213983  0.084968880652892459  2.5635494548482987
 1600000  9.4859417520523834  0.034708555925837818  2.2783911777150583
 1800000  9.5285455999640103  0.054898960660757001  1.7018904603421137
 2000000  9.5391198880190444  0.07283452209841984  0.785171911728478
 2200000  9.5047554526500644  0.011642065241008305  0.92019444665986383
 2400000  9.4777065480031428  0.078789028136778058  1.6650823014431608
 2600000  9.4833433093517225  0.053460031806594241  2.3431628580750563
 2800000  9.5295219197975776  0.039953317841930278  2.4097780669202868
 3000000  9.536373731191583  0.077411240573610748  2.1092575477190074
 3200000  9.5071272001139029  0.020578785078205673  1.4164397962154827
 3400000  9.472978650752987  0.067350706610604175  0.75435063291257887
 3600000  9.4850440188392486  0.069544865401633571  1.1666780427410195
 3800000  9.5317754742266292  0.022922534668729337  1.9357628157331157
 4000000  9.5323968588297827  0.077633535459600167  2.4003376879853948
 4200000  9.5105027599505334  0.034940011836419163  2.2978800748855619
 4400000  9.4704940625011105  0.054184543256840113  1.8875269062330748
 4600000  9.4878057983827606  0.07857802854248927  1.0178199008862847
 4800000  9.5319103596250923  0.0093447892735947849  0.79093891590175491
 5000000  9.531248433869866  0.074535248555523473  1.4627270825545802
 5200000  9.5129656840744197  0.050241205788406171  2.2510823732956426
 5400000  9.4707126045620154  0.040912190928137283  2.4766939538066297
 5600000  9.4895732566873043  0.079924473824593278  2.3360925045150083
 5800000  9.529965523572244  0.021760852860653254  1.7097401404581252
 6000000  9.5368697604301591  0.067825581620935022  0.8209147596607751
 6200000  9.5114212242382319  0.064845737443989609  0.81886682983254799
 6400000  9.473245911062163  0.027040815960491453  1.6812045407530831
 6600000  9.4915957572286267  0.077591609754116858  2.3315330385460755
 6800000  9.5280568618646946  0.038424150210082886  2.4702971353097016
 7000000  9.5424902728694949  0.055921315884188597  2.2463653675245161
 7200000  9.5060111042685538  0.076043906029108932  1.4649761496593301
 7400000  9.4750433500260005  0.016311481543053227  0.80905351192382835
 7600000  9.4925575370981772  0.074092388389619582  1.0260033681592693
 7800000  9.5267426987929991  0.052128969638404736  1.8828371437480067
 8000000  9.5436471796261593  0.039679848982244935  2.2876780801420558
 8200000  9.501952712390251  0.082720601177628805  2.3868061513307333
 8400000  9.4769943376563504  0.024042909224360118  1.9485101666400431
 8600000  9.4940034972000902  0.067656166495249609  1.1571867263134885
 8800000  9.5273964362045387  0.06303005580302859  0.75891616665694805
 9000000  9.5414659940414364  0.023728693039130846  1.4050021271613564
 9200000  9.5035874835252976  0.083632741175303602  2.1245594035670483
 9400000  9.476701884918274  0.041650697972307492  2.4201172453894046
 9600000  9.4926726727249484  0.055844483860510934  2.3534030965978929
 9800000  9.5306828172866744  0.073152707427690228  1.6811378213897956
 10000000  9.5374791379584671  0.017710441389376646  0.93564284266708164
 10200000  9.5064512650562083  0.077297438157333781  0.77243138718258852
 10400000  9.4733299714858354  0.057615274593048459  1.6853391102893791
 10600000  9.4911599921940066  0.038975048472385837  2.2636393521216864
 10800000  9.5363171658315498  0.081951322206067018  2.5635835108672156
 11000000  9.5350106914768986  0.027029563775478258  2.2744615974497444
 11200000  9.5097035788838173  0.065418555746034057  1.5556737974666617
 11400000  9.4714420546509768  0.069738519879071995  0.7920337524218406
 11600000  9.4929200021319442  0.020260324303057541  0.96202552495487825
 11800000  9.5405672854004564  0.085751023334194015  1.7964495578964061
 12000000  9.535224696234085  0.042231646769699878  2.3008874568471054
 12200000  9.5110312655311073  0.051125121432255449  2.471991272200071
 12400000  9.4725203597097458  0.077625989451084995  2.0132326254607715
 12600000  9.496064694389549  0.013638879669578543  1.3627407516542851
 12800000  9.5403263250870101  0.081070412485024515  0.7061742739975333
 13000000  9.5380665995016631  0.059387393033245944  1.3074032010283354
 13200000  9.5122673168454046  0.036964849417531059  1.9541430550253751
 13400000  9.4731942282729165  0.079919246251428433  2.4214433098366346
 13600000  9.4984483717498378  0.029021733223781269  2.304888941868465
 13800000  9.5371558933358838  0.068307651283056284  1.7539737470344805
 14000000  9.542008148432167  0.074871269545690108  1.0102487966601021
 14200000  9.5115830564165549  0.022286239586879971  0.79886559980605465
 14400000  9.4726185665411418  0.077351928224347874  1.588372139001655
 14600000  9.4979288613201991  0.045212790575182238  2.2269024883511968
 14800000  9.5338619463972414  0.050731957200459046  2.554682020517455
 15000000  9.5411671602927655  0.083525609996468742  2.2337573174109382
 15200000  9.5081878897407126  0.015276245977540048  1.6463079514058068
 15400000  9.4723222001342116  0.072195449690534985  0.73454648701929381
 15600000  9.4960409115943243  0.059468157248554455  0.94651483212127263
 15800000  9.5341263832283474  0.032840193129912425  1.7055537261937721
 16000000  9.536923741421937  0.083679734985733611  2.3901429432225889
 16200000  9.5056314022079906  0.029483810958130192  2.4940227448431718
 16400000  9.4756794731785998  0.065056223782469572  2.1317234440186543
 16600000  9.4918248772605995  0.070335018047141595  1.4585824156488165
 16800000  9.5357087832206293  0.019871651007797881  0.70671915408696273
 17000000  9.5324316296847886  0.077794269830597715  1.1446810399168916
 17200000  9.5046181273665784  0.047508564948906054  1.8856721464297443
 17400000  9.477174555515564  0.052893573860484169  2.3995953918949247
 17600000  9.4870102899677882  0.077867497074915956  2.3033528207683744
 17800000  9.5368212731606903  0.019817765249059056  1.9104557373554332
 18000000  9.531181702691045  0.068771893441944856  1.072448549427607
 18200000  9.5043473475975873  0.061418727220423422  0.82646941837678267
 18400000  9.4757909893463843  0.034791888578418043  1.4342525034372431
 18600000  9.4879139878898737  0.082304027814075004  2.2070866177773447
 18800000  9.5373474337699236  0.031270096889376701  2.4498168996882521
 19000000  9.5326138588687002  0.057972910668068492  2.2563282654033072
 19200000  9.5038214937235175  0.070211722750232686  1.6700544445183234
 19400000  9.4728513026501897  0.017071471433773674  0.78340088904284488
 19600000  9.4943331387941505  0.082515988370900364  0.89356488251972233
 19800000  9.5350500671962113  0.045297829245898209  1.7047493465373642
 20000000  9.534533632577789  0.045148050581014176  2.3880955292151476
 20200000  9.5040491874620745  0.07586033631651122  2.4912985421970828
 20400000  9.470529886810894  0.018431907140437697  2.2594695310251347
 20600000  9.5006767924887718  0.074729873674125147  1.4535030317829427
 20800000  9.5310992157932688  0.05841402514092886  0.73461337305171526
 21000000  9.5365462999588466  0.030804251260922327  0.9999913334803433
 21200000  9.5043956756769283  0.079213837469259946  1.9014685808240239
 21400000  9.4703158376808467  0.033186791290768597  2.3451446772786433
 21600000  9.5009487662462266  0.059646192136725097  2.4119261522942246
 21800000  9.5294355247001441  0.070164729271633808  2.0123098749851889
 22000000  9.5392351528642312  0.015349204503674906  1.1933049588843851
 22200000  9.5017799317349461  0.079214112083869165  0.77354374200983644
 22400000  9.4714735214673134  0.047579220262381115  1.3253673099588623
 22600000  9.4963722795305738  0.042459883683901405  2.0874244219960065
 22800000  9.5312928546348914  0.078659891673552598  2.3648898696057055
 23000000  9.5385268194506114  0.011477417037346806  2.3157248707424221
 23200000  9.4961902958735163  0.073796592305969785  1.6529119257331844
 23400000  9.4747869318709483  0.06118300027864268  0.92711983036438339
 23600000  9.4925325619317178  0.02707093186536258  0.81595069901050721
 23800000  9.5340415927218736  0.080112191004908698  1.7053773157490015
 24000000  9.5368168602584795  0.028360570053020385  2.2745248186433127
 24200000  9.4941119198643893  0.062557825660111616  2.5097110311479964
 24400000  9.4779970294385176  0.073303395748625502  2.2560664526566279
 24600000  9.4913946188959315  0.015733966323765787  1.4799382695753365
 24800000  9.5350299847840958  0.074929636846255865  0.74276530036897492
 25000000  9.5352346399955312  0.047547423187237467  0.97386621205778212
 25200000  9.496399428037952  0.046868945605625552  1.8590522527930256
 25400000  9.476432343102811  0.081888525579241103  2.3537661010255766
 25600000  9.4936566549754371  0.016381521547262808  2.5253472464086579
 25800000  9.5350750549593428  0.067683702675453511  2.0518815582077048
 26000000  9.5354168429556836  0.064091727457000369  1.3560291403521791
 26200000  9.5021521426095781  0.02914850949299538  0.67825900337831391
 26400000  9.4727617902922976  0.083543516883471322  1.2708013511148164
 26600000  9.4994744127251494  0.03006652945058072  1.9435158643332653
 26800000  9.5360109331283898  0.060160937583304944  2.3896658677643101
 27000000  9.5378506543416908  0.075060959982790929  2.3311098155935452
 27200000  9.5052774265370701  0.01553074283788284  1.7559351737913442
 27400000  9.4698375961795538  0.078569585907876646  1.0662081912127297
 27600000  9.5054490411611106  0.047867776577508667  0.80120215222355551
 27800000  9.5370067953463202  0.04981745823614038  1.6048082549938163
 28000000  9.5388050051628639  0.081226623196530373  2.1848994218926543
 28200000  9.5049817857942429  0.022262975565689902  2.506806308584292
 28400000  9.4706150967858154  0.069065406351672728  2.1878126223266787
 28600000  9.5072763535252651  0.064719396005002053  1.5679251773300982
 28800000  9.5362380715674355  0.035021497507424761  0.74069143415240701
 29000000  9.5405520576174485  0.084120120183156788  1.0102630662556038
 29200000  9.5023989861678189  0.037118277125416738  1.7736035771891931
 29400000  9.472674793843419  0.055688196607407529  2.4121356250491695
 29600000  9.50411349832501  0.076282540295878373  2.537224117536927
 29800000  9.5355821915717147  0.019002860616961437  2.1075649419392488
 30000000  9.5425008950113526  0.082978659964777143  1.4275390271567394
 30200000  9.4987017847958999  0.050628130104537997  0.63322761288583029
 30400000  9.4736208269611257  0.040635720185177859  1.1595736433992354
 30600000  9.5003888604474227  0.08193836469400341  1.8959593967833994
 30800000  9.5358958652767107  0.022206500364035427  2.4337008403639953
 31000000  9.5415914085444751  0.075013865473758212  2.3374235094278868
 31200000  9.4969285994990003  0.062910902235449526  1.9288550561986537
 31400000  9.4742790164840809  0.026229524495943474  1.1415074215003165
 31600000  9.4998253912123829  0.082644501433127668  0.80265533063894645
 31800000  9.5387490536918431  0.040484384121339145  1.3968481734195464
 32000000  9.5367103646825306  0.059494056963629874  2.1285513149669391
 32200000  9.4989933382991705  0.074264478559923755  2.4258706370351586
 32400000  9.4744098196889759  0.015345529695936163  2.1910760749841911
 32600000  9.5004585317167578  0.078129883297340275  1.6389735229823172
 32800000  9.5399924118421033  0.056715509696665049  0.79167875318044323
 33000000  9.5317125662186157  0.039483961140754184  0.96922196691127815
 33200000  9.503836616333043  0.082684585969891991  1.7242117504383363
 33400000  9.4732327534272152  0.017436057624318414  2.3958614809075098
 33600000  9.5013202767544431  0.069219889063948298  2.4593427743080043
 33800000  9.5416752430990623  0.068535982684654731  2.1828711310231483
 34000000  9.5302704859028236  0.020344071137239593  1.4119588804784766
 34200000  9.5049526310994104  0.083696045825506077  0.66697185458669017
 34400000  9.471905664441433  0.033144391488880355  1.0570245462655332
 34600000  9.5030734986223919  0.057195012852272679  1.9450932519622004
 34800000  9.5424749621598366  0.07657436972816542  2.4261249602106214
 35000000  9.5319182406233711  0.012113379939842368  2.4271765180954232
 35200000  9.5006664380404153  0.076506461820854341  2.0452798712504712
 35400000  9.4720102142555191  0.052187284555322962  1.1932506109703249
 35600000  9.5049453344139021  0.042841966682827241  0.75779598001967574
 35800000  9.5390006227444228  0.08021352403693538  1.2946287109334407
 36000000  9.5341678810634409  0.021837401899903526  2.0804322828217749
 36200000  9.4944734885191728  0.064974625832109695  2.355475596438783
 36400000  9.4735926551133858  0.068920265031719788  2.3050805028083969
 36600000  9.5057973746506867  0.025778685803717571  1.6925956482497198
 36800000  9.5336198650083723  0.079179207596432266  0.93784133973632378
 37000000  9.5364454836080874  0.034935654889206802  0.87540540223876906
 37200000  9.4892106128217026  0.052852158998423625  1.6960788814491534
 37400000  9.4742625590447229  0.079161214869472474  2.276187898325948
 37600000  9.5030376468053657  0.012499183272183807  2.4305033790711157
 37800000  9.530186510621899  0.074406764362494993  2.1893607580384251
 38000000  9.5363379520666953  0.048993206811922325  1.406249307771914
 38200000  9.4878969706308567  0.040622632826845674  0.73946521317844771
 38400000  9.4730379805271738  0.081837822293609683  1.0448965752728179
 38600000  9.4998342966140008  0.023960007266510631  1.939846279558519
 38800000  9.5342693397915408  0.066224002302552695  2.3908301426093388
 39000000  9.5336708134956822  0.062229748908134146  2.5276037120572394
 39200000  9.4894830722572721  0.027198649572927849  2.0553373935442121
 39400000  9.4732487330471393  0.080123147975453474  1.2783359436541386
 39600000  9.4986217343106514  0.041065486116985968  0.64587109530008968
 39800000  9.539660214746533  0.053271085077324885  1.2746814758994764
 40000000  9.5282866705871427  0.072816579305005125  2.0038085436567394
 40200000  9.4923856467972794  0.016040905406750117  2.394898559167093
 40400000  9.4737943624810832  0.076034479163639271  2.3816313008785075
 40600000  9.4992568653034724  0.054326184393046907  1.7770249235902462
 40800000  9.5412328518839562  0.03662104874113279  1.1003311068703561
 41000000  9.5271523649796332  0.079981770690682671  0.78157517076702443
 41200000  9.4959044889384803  0.021739766902608648  1.5809483623711484
 41400000  9.4752703179001667  0.068698617138935339  2.1427759854277437
 41600000  9.502690203519057  0.06352840270679562  2.4447655054269455
 41800000  9.5391177328792267  0.020629528519256573  2.1407954452506339
 42000000  9.5315487987663285  0.082547042852989722  1.4983422443968943
 42200000  9.4969491981925422  0.039183869486663039  0.77184536492521072
 42400000  9.4740385536078175  0.056310490227821336  1.0778371385710475
 42600000  9.5076582274104311  0.071970786621038049  1.8431713976808466
 42800000  9.534615980343613  0.013507687909987583  2.3833398668144814
 43000000  9.5360276217116873  0.078298642977123092  2.513917723978055
 43200000  9.4933226174068661  0.056363977290841409  2.0394037424079574
 43400000  9.4726489649732954  0.039170731889699453  1.3489375297189545
 43600000  9.5130402539812096  0.079644537443093077  0.57782608621893905
 43800000  9.5311552087598077  0.022028597391157579  1.2449911500963633
 44000000  9.536713909294166  0.067724445013210247  1.961591268733335
 44200000  9.4906055738088195  0.070038758554135036  2.4993791030325787
 44400000  9.4726223265029397  0.01994378168654664  2.4001293233514622
 44600000  9.5152495896660199  0.083269479850593367  1.9179427034989516
 44800000  9.5306195980429393  0.036581592755830228  1.1533445543809175
 45000000  9.5361314311508725  0.054514139927393179  0.75288103426220332
 45200000  9.4896140961706958  0.078921948539439318  1.4145984938924483
 45400000  9.4742235194089339  0.012126962002242656  2.1045995597381193
 45600000  9.5127711779001523  0.079159893502294534  2.437176873242425
 45800000  9.5336386635656183  0.054144160468073972  2.1724662125995948
 46000000  9.5354435911560955  0.041010072976731732  1.6511299557768873
 46200000  9.4900999205896017  0.081713946115482439  0.82157898826620246
 46400000  9.4758708107888179  0.026439640542163134  1.0230375346394893
 46600000  9.5097289584707276  0.068044224730183636  1.717151816039761
 46800000  9.5392411468783642  0.071268703026096836  2.3653038110475997
 47000000  9.5342573504406243  0.026324100117738152  2.4163901023357695
 47200000  9.4899889360403105  0.07919199248737184  2.0872220666954524
 47400000  9.4764276145243311  0.042189847475267411  1.3685683145591203
 47600000  9.508980117739684  0.052384453001454195  0.65406180906661282
 47800000  9.5425938654535738  0.083390777656515189  1.1638106476814409
 48000000  9.5331728450452928  0.01761038780817813  1.9789605262406154
 48200000  9.4916338975650199  0.073736848174990724  2.4925601074735364
 48400000  9.4758198344769831  0.056380696706886141  2.4287808772591681
 48600000  9.5116485034848086  0.035436296560279502  2.0287332278868986
 48800000  9.5422287194523001  0.087095005323903754  1.1320988712203421
 49000000  9.5334013102499977  0.030071888911964419  0.7103034215904529
 49200000  9.4958138869367339  0.065858021655003304  1.3079046769727456
 49400000  9.4736981667439899  0.067397002622251651  2.1281309313178687
 49600000  9.5149900817006632  0.021773188379001208  2.3912595155309408
 49800000  9.5390903120091401  0.082904010465905884  2.3104532607069705
 50000000  9.5344482805408344  0.048374293751023999  1.7419333604254414
 50200000  9.4961368452346928  0.053086299621108668  0.9333803698491322
 50400000  9.4706477888836726  0.075457651487760374  0.88649595056484209
 50600000  9.5147842925002397  0.018777746868156208  1.6303000289668257
 50800000  9.5365428531488252  0.073780752109042988  2.2541550311832919
 51000000  9.5323570371029458  0.062238092717954885  2.3645850684326883
 51200000  9.491798378211735  0.035081467799082208  2.1420942072255063
 51400000  9.4707437476378864  0.081163438196033846  1.3629409953296601
 51600000  9.5135548324701009  0.029197695661072217  0.76811691451601583
 51800000  9.5363201186477955  0.061684200471706398  1.1108588628429759
 52000000  9.5300410479417099  0.070486633761566608  1.9836172814231963
 52200000  9.486176241117084  0.01682556250723681  2.3968215774314219
 52400000  9.4751068465395925  0.08339757895040828  2.4806476910321598
 52600000  9.5089882544211175  0.043704986741785766  2.0274844660092226
 52800000  9.5363839405759823  0.047653824393564866  1.1712973603492307
 53000000  9.528638763106148  0.074822359004421052  0.63680069668867645
 53200000  9.483350971206745  0.015674978390876809  1.3170107788136816
 53400000  9.4799015232677508  0.077688015815508396  2.1011264966369767
 53600000  9.5052143407961598  0.058503377400810325  2.4438117901230512
 53800000  9.5378913820348252  0.031852714171083554  2.4279717363849334
 54000000  9.5290090144647142  0.07710185406467697  1.7991514036532261
 54200000  9.4834941493001299  0.029833748989265843  1.0748079575420071
 54400000  9.4803168464907213  0.063661857178270012  0.7416782869670685
 54600000  9.5051201438498314  0.071630814084140473  1.5655598890040616
 54800000  9.5406353918521507  0.015473148604548721  2.1264745304055448
 55000000  9.5270207022254318  0.076829375827817556  2.4287800924454461
 55200000  9.4858338927632673  0.04423513140608562  2.1637863270745594
 55400000  9.4767874870664812  0.046490756844684275  1.4906241624190704
 55600000  9.5096865187538082  0.080475869618049631  0.82568313834093066
 55800000  9.5413068171486568  0.011298422401978432  1.0672150041677075
 56000000  9.5239294239968864  0.071924440290936392  1.8660247820493669
 56200000  9.4896318084006275  0.057873381159887452  2.3293254442465998
 56400000  9.4733663269029122  0.030422836665146363  2.4667744574245916
 56600000  9.5148985117662122  0.081645564091969006  1.9694740462130738
 56800000  9.539323807149664  0.026939698187616375  1.2699956307720466
 57000000  9.5225340684093354  0.062286421191030984  0.60176389936030761
 57200000  9.4923378592165086  0.070922967297934111  1.3324497063284764
 57400000  9.4718027791873585  0.018498639589015414  2.0248099999524807
 57600000  9.5153605049763321  0.075934889610076245  2.5213672548969668
 57800000  9.5357018375183973  0.044719082001712318  2.4317145377691864
 58000000  9.5240426032632399  0.048990239592071584  1.8691258158674844
 58200000  9.4884808650985875  0.081073741632602503  1.1011761690351078
 58400000  9.4725502686580363  0.017740795514913754  0.69604712543694547
 58600000  9.5141729432024142  0.067564119185017896  1.459054264670036
 58800000  9.5334732798270672  0.060447794193258915  2.1265899505789276
 59000000  9.5277611836005605  0.032599111948698849  2.4853596107307405
 59200000  9.4818310592808235  0.084422375484965562  2.2090598295838548
 59400000  9.4763893518828564  0.030232473280925529  1.6701327340519889
 59600000  9.5140901055724409  0.058855565265216188  0.85032737354271792
 59800000  9.5335038510472305  0.071182868755996873  1.0111347964571644
 60000000  9.5297464052110179  0.01734460788506487  1.6816284967563186
 60200000  9.4775447532222685  0.080655466582403162  2.3183637816553504
 60400000  9.4800302812112491  0.047176558221707347  2.3983491884191026
 60600000  9.5153800050089892  0.048919027155003118  2.006550470240215
 60800000  9.533593135079439  0.077057177186793835  1.3375827197312122
 61000000  9.5294806941211441  0.019901224029716356  0.68307638536283022
 61200000  9.479702843904974  0.071915827154757708  1.2577268107411237
 61400000  9.4820796439371868  0.063094332234279987  2.000584237475465
 61600000  9.5177121333010888  0.035300599669200274  2.5048799189665618
 61800000  9.5348960369860336  0.080624749554434119  2.3909633209024612
 62000000  9.5287823322384053  0.034701314233196001  1.9565840918275366
 62200000  9.4846156514140532  0.058895126140386528  1.0630541320342515
 62400000  9.4804328683194861  0.073970275400182625  0.69598077190922836
 62600000  9.5196216019700231  0.019285577758685585  1.367309937079827
 62800000  9.5375739417443004  0.081658712758054447  2.1930492830322215
 63000000  9.5274149341440033  0.049605454916196626  2.4785566630392633
 63200000  9.4882393976211343  0.04337236798062033  2.3217868568823112
 63400000  9.4768525007490343  0.07942443600613483  1.770892855871675
 63600000  9.5218753637038844  0.018205431230646749  0.90716162153538726
 63800000  9.5383202311829294  0.076986293574531517  0.88264782133830999
 64000000  9.5278384384052224  0.063462368929063873  1.5946455965815827
 64200000  9.4885260505560041  0.027908180395778508  2.2607800502923596
 64400000  9.476367869261713  0.080408952178275234  2.3628545337765186
 64600000  9.523602498487806  0.036366804932883967  2.1399783116553048
 64800000  9.5365323358931526  0.064132410993410105  1.3847173613690107
 65000000  9.52984554444736  0.076161933792042502  0.79356371554354876
 65200000  9.4861189065273237  0.016197634047564673  1.1245656417518588
 65400000  9.4769888301684055  0.076607449350744108  1.9703709820540374
 65600000  9.522455027175587  0.053699190987342611  2.3744255160818288
 65800000  9.532048361541321  0.045004248530190992  2.3820006536367573
 66000000  9.5322717221149844  0.084788885375687795  1.9689050376197346
 66200000  9.4823362514956457  0.01743600977093724  1.0933926055444756
 66400000  9.4765152671926494  0.068699271269580656  0.69324441752439236
 66600000  9.5215951687988518  0.06699983601274058  1.3686068356320549
 66800000  9.5312123657008101  0.025231436099204346  2.168798922191248
 67000000  9.5321121536830109  0.085775170103542103  2.4689236593282993
 67200000  9.4795788330759532  0.032518798081741379  2.4273867396528508
 67400000  9.4779807562618537  0.057828493675055125  1.7771510045799022
 67600000  9.5209287900712223  0.076836366930323918  0.99064387945193355
 67800000  9.5331111207756809  0.015761135898221607  0.71843706911498229
 68000000  9.5279034344923641  0.077757545592696597  1.5840556746600913
 68200000  9.4801942770509999  0.051056757690898034  2.1774016758983783
 68400000  9.4813477829020201  0.044369841655939164  2.4342796479038196
 68600000  9.5206020650584851  0.082166410374981305  2.2212712160365071
 68800000  9.5369137680086062  0.025385298951209345  1.5038634178273911
 69000000  9.5224527718127803  0.064075434212839746  0.8633849841653668
 69200000  9.4836242920563176  0.067853959969836217  1.0192387524136166
 69400000  9.4836852419621565  0.027550493168931312  1.8410629875367548
 69600000  9.5186561602368567  0.081993855161418994  2.2798745454323104
 69800000  9.541426511408087  0.03916080037804906  2.4154912252589047
 70000000  9.5182617202575326  0.049371352247469712  1.9277360049170773
 70200000  9.4850626507491107  0.078350516393026717  1.229374185101324
 70400000  9.4824752317339076  0.013611095102365047  0.67986144719832664
 70600000  9.5169363295373177  0.076249978054493101  1.3816717059068695
 70800000  9.5427048147332023  0.052960468115370467  2.0679624031851773
 71000000  9.5163840844353143  0.035606982839410148  2.4907330441293936
 71200000  9.4832913181180487  0.081122022942386213  2.4204899580431629
 71400000  9.4795370267406636  0.024910374188300041  1.8018693675419544
 71600000  9.5195997404621195  0.06640041999985305  1.0423569891452751
 71800000  9.5408956211096356  0.06515066468799291  0.67786126106987898
 72000000  9.5164320872033237  0.022678254098878321  1.5394678717661356
 72200000  9.4799958599017309  0.078973817284519146  2.1768443884834712
 72400000  9.477382766479284  0.043698166547271731  2.5390164294690329
 72600000  9.5235788291473842  0.051977997198097273  2.2469085899610612
 72800000  9.5344745993956206  0.074173381621770895  1.6665967401769739
 73000000  9.5176739608860199  0.012992656854174856  0.8727484878438575
 73200000  9.4767584050924683  0.074673448173373305  0.96119153596854812
 73400000  9.4770409001831393  0.058362209107952687  1.6665275869536857
 73600000  9.5247676470531619  0.033986281787712992  2.271631293318058
 73800000  9.5299908505128883  0.078593492167045892  2.4084634056478569
 74000000  9.5199335078230654  0.020767338531042998  1.9935213671895473
 74200000  9.4752072047039047  0.067786003151448004  1.3625642263769422
 74400000  9.4778674261224953  0.068089547286131299  0.70081637581769463
 74600000  9.5238052858478461  0.017199189268300046  1.2722645508747212
 74800000  9.5328193534322843  0.078830240644222768  1.9597770437072821
 75000000  9.5207227923354552  0.038780565476921346  2.4638048368148673
 75200000  9.4757263540740233  0.055947375685390856  2.3319019813303905
 75400000  9.481303706700114  0.074942750883785061  1.8725451578499837
 75600000  9.5218384830844336  0.013205646373423047  1.0459884514621887
 75800000  9.5394161298296272  0.074003868657685171  0.73643573591621003
 76000000  9.5177934516465399  0.056010999719978638  1.4455619596913722
 76200000  9.4761578191039302  0.038882187099040635  2.2105651213418338
 76400000  9.486018190878422  0.080068871512047002  2.5356479190735453
 76600000  9.5209191462353804  0.023688584831521076  2.3071975770107498
 76800000  9.5433241267857269  0.063995913433494631  1.7657041202626851
 77000000  9.5146621512377472  0.06963477349019305  0.85725836389538701
 77200000  9.4785607352303813  0.019773250100536946  0.87008613470761309
 77400000  9.4893417614648534  0.081973098616497972  1.6060339436198325
 77600000  9.5212812853486195  0.037157173308517179  2.2943085017979192
 77800000  9.5429116416104218  0.051501607906045306  2.3879848994398012
 78000000  9.5145318553950737  0.079307589300415759  2.1664462410987899
 78200000  9.480591735963527  0.01494055950115827  1.4612126180412746
 78400000  9.4882165968962546  0.07678319488627576  0.79230761429632979
 78600000  9.5243545778916534  0.052713451300668859  1.1026347831014158
 78800000  9.5393775400198297  0.037858051821476273  1.8957886179180583
 79000000  9.5160742561162319  0.083484531459630945  2.358253896290794
 79200000  9.480143010897164  0.030469632816177677  2.3188934754522128
 79400000  9.4844962248127622  0.06431561818105494  1.9287168692319216
 79600000  9.5299380195823336  0.068962215330335544  1.0777659864298816
 79800000  9.535855762956448  0.02411470026944329  0.77379061359522117
 80000000  9.5166326055254551  0.081439608451056217  1.4054991190748087
 80200000  9.4774524290649289  0.045929579005588757  2.1993713468547762
 80400000  9.4820853043980264  0.047528120354603132  2.4574482121584662
 80600000  9.5352647572339926  0.081876258019428536  2.38349284223625
 80800000  9.5327707276828857  0.016687048257248469  1.7516545413566782
 81000000  9.516825915446363  0.074801044150401924  0.90093244792200766
 81200000  9.4755387533499231  0.058923333073155643  0.74786771823717846
 81400000  9.4841943561602395  0.030412116846022595  1.6257161276157788
 81600000  9.5359775794556914  0.087100912603343378  2.2723552487842502
 81800000  9.5327839715292573  0.030209560676943588  2.4630287065883238
 82000000  9.5190213128090466  0.065197496807402389  2.2745981071748282
 82200000  9.4751989701285844  0.069440475041527464  1.5289113118909843
 82400000  9.4885924177061174  0.017805546338374518  0.86455841394309785
 82600000  9.5334870746932268  0.083384012005470992  0.97145546788676151
 82800000  9.5354448034717088  0.050028912606677092  1.8193655391994312
 83000000  9.5205171841924034  0.051332261493290066  2.2601665392118875
 83200000  9.4741222994450975  0.076501894487816274  2.4047333042175811
 83400000  9.4914531344908575  0.017634757356985557  1.958978074178408
 83600000  9.5309672034654636  0.07392429721956624  1.2366431201230643
 83800000  9.5382807775940588  0.066640279451020829  0.73802493242191247
 84000000  9.5197221057789907  0.032672885399370702  1.3645215609306522
 84200000  9.4741038843498639  0.08029761819858508  2.0706368794154009
 84400000  9.4918603138753426  0.029854671703121116  2.4067638578052564
 84600000  9.530880424539232  0.061931270260331898  2.3691248518525958
 84800000  9.5374804330957534  0.076063665599219107  1.730297469196201
 85000000  9.5163252378277985  0.015462427825503982  1.0012775974758612
 85200000  9.4765999754624275  0.080311277994532707  0.72946900344085064
 85400000  9.4894085594043212  0.04532213869321837  1.6224198563926575
 85600000  9.530839601891314  0.048196523126821877  2.2199501042467702
 85800000  9.5357974580940024  0.078978742993221315  2.5595682660069179
 86000000  9.5115433921590942  0.019816713301583137  2.2738760398510536
 86200000  9.4804941475159197  0.07453537628828949  1.6187835078159218
 86400000  9.4845142026843217  0.060615908241955521  0.83221384840173229
 86600000  9.5314088568079303  0.031951807088806676  0.93902296408336927
 86800000  9.5341976907247865  0.078894278458276054  1.7167664496412245
 87000000  9.5093471315260505  0.034602351220709093  2.2804871364059767
 87200000  9.4800350211633173  0.061850338204891352  2.4620943111886446
 87400000  9.4812095208565843  0.073454270588608539  2.0380924060031194
 87600000  9.5322304704946195  0.016363921227135557  1.4157686884173304
 87800000  9.5339053993283223  0.076531509057100558  0.71784479275834967
 88000000  9.5083034877327073  0.047489368103480693  1.2658290382717283
 88200000  9.4757475214848377  0.045113142482892825  1.907407108271846
 88400000  9.4830759421551125  0.082542408960685223  2.4099890534568336
 88600000  9.5320152774282345  0.017247003252461816  2.2963897821659178
 88800000  9.5336728054344064  0.070003050144747322  1.8002789419500649
 89000000  9.5090966604598837  0.058290981809079538  1.0537894436820308
 89200000  9.4719139639422156  0.028455613546814997  0.7932603984351152
 89400000  9.4904751048964666  0.08448596291681644  1.522430597796443
 89600000  9.5300330209844848  0.033447610465774019  2.2027372663193034
 89800000  9.5341224992241962  0.057836016942094857  2.5382888662038927
 90000000  9.511765440827272  0.069107374343747571  2.2599480076312757
 90200000  9.4703633408221837  0.01705601797335126  1.7048914464096681
 90400000  9.4946732813080885  0.078461837283478303  0.78292233316862558
 90600000  9.5276550849139134  0.049682746249488777  0.90424748803043642
 90800000  9.5368112271882843  0.042558454303092443  1.6545946684413504
 91000000  9.5116460201454167  0.078868929727254761  2.3654155071986094
 91200000  9.4704959877298123  0.019381896638372403  2.461794708679272
 91400000  9.4939605617295317  0.067655748233117083  2.1716840671631092
 91600000  9.5273894306774451  0.06283591159262801  1.4930161344337711
 91800000  9.5400517645085934  0.025996634154605132  0.74343769608026344
 92000000  9.5072816238863229  0.08316174723706192  1.0955926621761498
 92200000  9.4739329670152106  0.032607086227961664  1.8497800845549761
 92400000  9.4913359371350747  0.055408641363368816  2.3633515066335149
 92600000  9.5291967088495166  0.071898216927450215  2.3109673113194962
 92800000  9.541510456861074  0.011832351786941097  1.9450807045505125
 93000000  9.5005284023828427  0.079533250816916021  1.1032557812790007
 93200000  9.4771061412769342  0.050338256466973437  0.81734811777827676
 93400000  9.4892210531377525  0.043092839029713038  1.3927579264535257
 93600000  9.5303062188978167  0.076042100952314215  2.1723170052697678
 93800000  9.5391593888935535  0.018781814668448887  2.4134093800776135
 94000000  9.4983308147195018  0.069923555967879289  2.2915565974791572
 94200000  9.4791136710717652  0.067320033631361492  1.7075023036294772
 94400000  9.4888580758214651  0.028692260995124865  0.83290323352032858
 94600000  9.5306369493620124  0.077031994405585794  0.84186147623365437
 94800000  9.537243412404484  0.035093486405954721  1.6714908045005268
 95000000  9.5022299238809467  0.056896550648453115  2.3415346965226598
 95200000  9.4760419815266026  0.078447081271180205  2.4888401159965832
 95400000  9.4905623151694307  0.014274985225396325  2.2782672393360839
 95600000  9.5323130476359044  0.076117966482247168  1.4953874394496738
 95800000  9.5362933493095117  0.050777771485554714  0.78216118914072219
 96000000  9.5065011905316616  0.041861470195869263  0.95542454884401162
 96200000  9.4708239845666853  0.081531807943523535  1.8464890842244606
 96400000  9.4946127745763018  0.019518653366954637  2.2982304425631424
 96600000  9.5359461665930176  0.072249345898477979  2.42007334898986
 96800000  9.5359142174910829  0.064606096359929324  2.0307955038138266
 97000000  9.5097090592583786  0.027468659819729985  1.2524518159572742
 97200000  9.4694916755274114  0.07965640516386148  0.76908600314094278
 97400000  9.5006577721117225  0.038468401228368407  1.306723290993242
 97600000  9.538155851455377  0.062288225535411246  2.0517675312767172
 97800000  9.5382262578247321  0.076723938694887361  2.3552430650619844
 98000000  9.5097761820440763  0.018052295245395387  2.3222902614713838
 98200000  9.4712089564301341  0.074563788037800366  1.6915709484593624
 98400000  9.5016863119799169  0.054894772978257185  0.98501392217015904
 98600000  9.5371412365964634  0.045572281297057177  0.79353773676436301
 98800000  9.54185871709773  0.085318426422800686  1.6630606723343098
 99000000  9.5073992804367613  0.02254774059811069  2.2407397773888582
 99200000  9.473471387327999  0.066059272147165754  2.5255706635685375
 99400000  9.4992552779549442  0.066740233320436576  2.2691741839180009
 99600000  9.5355718920759021  0.02670803107880804  1.5401698064045344
 99800000  9.5440511513618809  0.087631477152895959  0.78076864983885563
 100000000  9.5043001511351619  0.037452272796758494  0.94563868068509593
 100200000  9.4745377964956141  0.054537976585265581  1.8043041923461791
 100400000  9.4973350572473372  0.075110295025787685  2.3298943710141273
 100600000  9.5352364040194946  0.018266081992864006  2.5238995946566032
 100800000  9.5416075749494134  0.080694608722433225  2.0686744727727975
 101000000  9.5022091169180047  0.054498080420432346  1.4085517348342298
 101200000  9.4743053251591256  0.040692388461252449  0.68928867192852727
 101400000  9.4961887513249472  0.080819827699734434  1.2199165406573371
 101600000  9.5368648243254128  0.028391593917385854  1.8859219151579405
 101800000  9.5363508157677614  0.066357702676873007  2.3792690986574523
 102000000  9.5040531999335993  0.069690986364468854  2.3205683735994462
 102200000  9.4741435626281465  0.024957424233320657  1.7849598123107029
 102400000  9.4952834476100936  0.082424642010065136  1.0859848619553107
 102600000  9.5387774586684415  0.042266250962500196  0.79902222829393665
 102800000  9.53119243380862  0.049685431068090334  1.5417300676324071
 103000000  9.5075197726221656  0.079417484696408816  2.1648600763424022
 103200000  9.4736814003584993  0.012141347036606234  2.5004373653233434
 103400000  9.4942580141889508  0.078015921227018947  2.1957840104796129
 103600000  9.5404366126531333  0.056146735043539273  1.6155195604986492
 103800000  9.5298126355652393  0.033918098821298787  0.75185349057135609
 104000000  9.5071710580540891  0.081281584486017189  0.96907707254816444
 104200000  9.4724537250596619  0.023555952655267273  1.7185997659350565
 104400000  9.4968138947941991  0.068133464250286338  2.3972704962783755
 104600000  9.5401934329762703  0.068937509131296454  2.518521102270729
 104800000  9.5324711439738294  0.02058214219373778  2.1412946688471961
 105000000  9.5034292717547935  0.077419084172763289  1.472543264483281
 105200000  9.4726565618559899  0.042583098627209146  0.66771179684786375
 105400000  9.5018068780752181  0.053827875423488235  1.1134377950650987
 105600000  9.5366308547265231  0.077735037913549063  1.8647418484871248
 105800000  9.5363595109285733  0.01238307342651716  2.4110033442389005
 106000000  9.4981165686647842  0.071340089508261456  2.3448799024030995
 106200000  9.4728382830236253  0.05830103494893641  1.9795151272204827
 106400000  9.5025648668948755  0.035976450357712145  1.1655084311511772
 106600000  9.5306368926808585  0.080288720038879935  0.80543167625020651
 106800000  9.5387166231826015  0.021460760999340561  1.3576404618337448
 107000000  9.494483026047627  0.064452839588621469  2.1204846010319147
 107200000  9.472655552588753  0.069304863278850659  2.4041276056078296
 107400000  9.5003038962658994  0.019474488638758804  2.2221429653409315
 107600000  9.5292145118238718  0.07782539931238952  1.6923125620275703
 107800000  9.5388509807670641  0.0385799552507251  0.83910226070831895
 108000000  9.4932492986759431  0.054171769986147145  0.92481456621356373
 108200000  9.4719635943493206  0.076212890056053278  1.6768844740401327
 108400000  9.4965144762341165  0.017270054588664898  2.3515724857892595
 108600000  9.5332935971620607  0.071098203347993452  2.4648130397105725
 108800000  9.5350323069149336  0.055083882735037747  2.2382832796165912
 109000000  9.4925641293895477  0.038695541996512255  1.4662680325512458
 109200000  9.472692427323361  0.080637458302447618  0.71331679136156712
 109400000  9.4937675436403435  0.028305253101011976  0.97604526225831945
 109600000  9.5383362559866871  0.059859956844224842  1.8864232629532995
 109800000  9.5306442959567246  0.067516424012791065  2.3770327772259545
 110000000  9.4951891077203658  0.020329862615851946  2.4433660825062753
 110200000  9.4749226757952165  0.081905098782940833  2.0986332102051746
 110400000  9.494481897918666  0.041157018861155303  1.2679714725162459
 110600000  9.5397895226484071  0.046394528323179508  0.75573080078569632
 110800000  9.5300897446397563  0.076080754863253941  1.2167115875685368
 111000000  9.498747355084145  0.014882238619177755  2.0142529889477738
 111200000  9.4756026422561028  0.076853338823122216  2.334803717199275
 111400000  9.4980382020605489  0.054307149813632487  2.330242783223941
 111600000  9.5376359694847981  0.032731339265731491  1.741810812759772
 111800000  9.5343677162414497  0.080734174409366977  1.0239763331310674
 112000000  9.5005200634072047  0.030845317738466379  0.80555635938992187
 112200000  9.4735937096552405  0.063924896707172094  1.6159174721899034
 112400000  9.5041259701204037  0.067862812935663264  2.2086527531786571
 112600000  9.5345022767870855  0.020074622348800451  2.4421386699458423
 112800000  9.5388888490956969  0.080182836883243666  2.2373010230264696
 113000000  9.4990279334884526  0.047184337992949577  1.4963238832792642
 113200000  9.4717370341627021  0.045720077921856346  0.79423330783679114
 113400000  9.5096633805010473  0.079481854670716459  0.94623018672083448
 113600000  9.5315944965417074  0.013503519233710504  1.8495708092928169
 113800000  9.5395036905794974  0.074828125177535301  2.3510881601235676
 114000000  9.4962758152724369  0.061153362423279019  2.5496927841366452
 114200000  9.471968418173546  0.02741944178300651  2.1135646089131748
 114400000  9.5113384872827584  0.084456660978697626  1.4026287348942532
 114600000  9.5311761475811227  0.027140574503264618  0.67761242724996462
 114800000  9.5381080324009346  0.065225398410522994  1.1714332092114701
 115000000  9.4945943521982201  0.072321296795178625  1.8991824449656416
 115200000  9.4734571710789321  0.014952944113467433  2.3798936057158926
 115400000  9.5079478501535526  0.08044596537419238  2.4104079203212776
 115600000  9.5343013024853924  0.047556152255848715  1.8718472415685719
 115800000  9.5381795293005975  0.051386000981507363  1.1980316831119864
 116000000  9.4938262523594084  0.079393288195814121  0.7358735241614649
 116200000  9.4746880400657272  0.018343350030056983  1.4637332891680768
 116400000  9.5043568866048798  0.070680541145211009  2.0670173253158155
 116600000  9.5396042018418949  0.066551572300657683  2.4462330814505071
 116800000  9.5360807911175556  0.033229010047517354  2.2124009579182737
 117000000  9.4911397868634495  0.08212449658704743  1.6546343274136903
 117200000  9.4770316138752033  0.030436704852256906  0.93838205848765743
 117400000  9.5222275828309506  0.067543119324519549  0.51015633112492853
 117600000  9.5401378908740657  0.081429317148278529  0.83751102743279748
 117800000  9.4779983585288168  0.061411468666093739  2.9355301511615695
 118000000  9.5122993724046623  0.18928039958494666  13.896903880960661
 118200000  9.5629176731787915  0.30189688607852988  92.486826228574444
 118400000  9.5312852968090223  0.29510478068392354  79.833918482616951
 118600000 -442.24432431109034  1.0003168344374538  57.912863053496253
 118800000 -450.71970183916739  1.2787698677080306  74.708647831314209
 119000000 -439.64887775494674  1.174366058778739  129.32927346816274
 119200000 -445.21918564417319  2.7939316542367933  21.20888078034071
 119400000 -447.63871678413585  3.2356120821517309  3.2631291420537756
 119600000 -439.02656178842312  4.0311536590225154  176.08715712904402
 119800000 -440.10078949199203  4.144849556305533  8.8935948303183654
 120000000 -447.21989165384736  6.561929251511164  173.8173656675024
 120200000 -439.66432484201323  9.0321436400649926  14.25453306422966
 
