462639 201 0 39.476926421373008 63241.077088070931 1
0 0.01 20000000 4 20
0  7  8  9  
#
# HNBody body-specific file (Bodycentric coordinates).
#
# Line 3 encodes the data type for each column as follows:
#
#  0-Time (= Epoch)  1-x1 2-x2 3-x3   4-v1 5-v2 6-v3
#  7-SemiMajorAxis   8-Eccentricity   9-Inclination
# 10-LongAscendNode 11-ArgPeriapse   12-LongPeriapse
# 13-TimePeriapse   14-PeriDistance  15-MeanAnomaly
# 16-TrueAnomaly    17-MeanLongitude 18-TrueLongitude
# 19-MeanLatitude   20-TrueLatitude  21-Mass
# 22-EncRadius      23-CaptRadius    24-IdTag
# 25-JacIndex
#
 0  0.0038343155574570779  0.99999999797233441  1.5543727287954254
 200000  0.0029429337355697284  0.99999999888972113  1.1349369847581146
 400000  0.002589854290472534  0.99999999951714003  1.5060008337342981
 600000  0.0022875642092600296  0.99999999940733764  2.2588255934204642
 800000  0.0028151837734460578  0.99999999891037383  1.6853929056509118
 1000000  0.0025660170846448812  0.99999999869669942  1.8374533396703925
 1200000  0.0023718958794723241  0.99999999913272375  2.0054545289859314
 1400000  0.0019564697358228586  0.99999999950985208  0.88578870945338872
 1600000  0.0026281063501341442  0.99999999941798512  2.0643763973796809
 1800000  0.003506954825617812  0.99999999852389454  2.1923890777134525
 2000000  0.0040115393192076297  0.99999999801566408  1.7181875573204997
 2200000  0.0024075744440791914  0.9999999991776285  1.9872983914148836
 2400000  0.00032894726143267548  0.99999999997948064  1.4418272728044554
 2600000  0.0018169151949918598  0.99999999970127096  1.0530206907153277
 2800000  0.0045826724074201084  0.99999999799834427  1.5073777264856663
 3000000  0.004824978790539055  0.99999999750881186  1.5513247066134921
 3200000  0.0028676158695431354  0.99999999913395288  1.3853601333233594
 3400000  0.0012258701693547574  0.99999999996993849  7.7587640071056097
 3600000  0.0013085437962164635  0.99999999971628595  2.0708877305047029
 3800000  0.0037263245369022133  0.99999999859607436  1.230910795774276
 4000000  0.00395370826475204  0.99999999812509399  1.5507212595419615
 4200000  0.0035463265820198913  0.99999999882907609  1.1110281270730815
 4400000  0.0021962557284752405  0.99999999951841301  1.535303593158269
 4600000  0.00169657919601146  0.99999999952863916  2.3407662034049506
 4800000  0.002172578441739638  0.99999999904061576  1.7409408441477483
 5000000  0.0032919102085110096  0.99999999842242537  1.685916509757805
 5200000  0.0031060215339564368  0.99999999892341329  1.7634416139515083
 5400000  0.0019391171468478045  0.9999999996329354  0.12156485931851554
 5600000  0.0022675729747888792  0.99999999938127504  1.7861645634862358
 5800000  0.0034310923813640087  0.99999999828280628  1.7659632362252091
 6000000  0.0037312501211152881  0.99999999809740103  1.4124685436461746
 6200000  0.0018674765062011087  0.99999999948722951  1.6537315771753356
 6400000  0.00058359181923263394  0.99999999992263677  1.77982963637967
 6600000  0.0028581420464697826  0.99999999926321992  1.0195094401324685
 6800000  0.0046819020044564317  0.99999999762240555  1.4332694843015841
 7000000  0.0039648162546307908  0.99999999788819782  1.3746276476812633
 7200000  0.0031593576517752859  0.99999999933224659  0.91763859533550207
 7400000  0.0012713848793049196  0.99999999985600596  2.2160065811635019
 7600000  0.0026038270435767103  0.99999999952715624  1.3356864065707759
 7800000  0.0038406051631881396  0.99999999852786614  1.1388473516998836
 8000000  0.0039155927568832426  0.99999999788963423  1.438352789305223
 8200000  0.0037575913186791879  0.99999999863872002  1.0377850472784769
 8400000  0.0017696387353963708  0.99999999967902498  0.90809506555288177
 8600000  0.0012737518324829101  0.99999999972598042  2.2791254877428955
 8800000  0.0026633211859576332  0.99999999887157998  1.8271246340023513
 9000000  0.0036788912619558564  0.99999999810577034  1.7601220268775426
 9200000  0.0026063633066718541  0.999999999069206  1.9284120889892185
 9400000  0.0014133578371031525  0.99999999965757347  0.78827303445486885
 9600000  0.0023812504497435854  0.99999999929739036  1.6338402799237759
 9800000  0.0037915178905888183  0.99999999827549801  1.6468836468114003
 10000000  0.0031146574704164851  0.99999999856909672  1.2932329804691143
 10200000  0.0013127694426035424  0.99999999965699193  1.8231223262523757
 10400000  0.0010105451985034058  0.99999999975977194  2.5327850842305715
 10600000  0.0031990408131032438  0.99999999898572589  1.0466763968756676
 10800000  0.0041592673216653137  0.99999999802221518  1.6183240405765458
 11000000  0.0038801617347540224  0.99999999834128572  1.5181869299418593
 11200000  0.0029716827260284637  0.99999999931201566  1.1204550774295987
 11400000  0.00074682769947329389  0.99999999982859955  2.9467037348207286
 11600000  0.0025157726449606226  0.99999999964131947  1.8277144403096701
 11800000  0.0036025422457560698  0.99999999833482067  1.595602478794488
 12000000  0.0048954115975903623  0.99999999752738555  1.676209459030306
 12200000  0.0036719166036304372  0.99999999881304391  1.3836537382149332
 12400000  0.00098106454421906654  0.99999999984948318  0.88364594698995313
 12600000  0.0010990580240592021  0.99999999977719778  3.219166449353613
 12800000  0.0031351581449066139  0.99999999846111554  1.7811136603260138
 13000000  0.0038737883045846188  0.99999999807813844  1.6354615681534617
 13200000  0.002810347649738483  0.99999999905697001  1.6950715088110213
 13400000  0.0019271374606876536  0.9999999996518294  0.93548101611710399
 13600000  0.0025322815368885583  0.9999999992274955  1.6408041356700527
 13800000  0.0031190397611055545  0.99999999845779131  1.8428886300378327
 14000000  0.0024289035691783291  0.99999999878689028  1.626134468670573
 14200000  0.0022915548827526825  0.99999999928666894  2.2357105951899361
 14400000  0.0020264251140824194  0.99999999957669483  2.3681786779842464
 14600000  0.0033653803557842756  0.99999999907279791  1.2169356073985116
 14800000  0.0036497054175727676  0.99999999833555164  1.7925583881275702
 15000000  0.0037944091512598652  0.99999999813710994  1.7081335843066301
 15200000  0.0025617208626805446  0.99999999924492244  1.3597589522646252
 15400000  0.00061718437172263694  0.99999999992575994  4.2998222999083122
 15600000  0.0023467694136051873  0.99999999960593733  1.9598453121252166
 15800000  0.0042638597831913538  0.99999999807743967  1.4171312035842474
 16000000  0.0048733333773193586  0.99999999723590671  1.6370889475234329
 16200000  0.002778884069612156  0.99999999908965154  1.2937146356319928
 16400000  0.0012595963425479893  0.99999999997496325  4.1759444550373894
 16600000  0.0014066998282237181  0.9999999996689205  3.630215437686128
 16800000  0.003877487015582908  0.99999999844689935  1.8688101625392637
 17000000  0.0039705243170046591  0.99999999815492102  1.7216019795155642
 17200000  0.0029528586748533009  0.9999999989663928  1.9953209432002508
 17400000  0.0021112042933235987  0.99999999955643781  1.4901597864004072
 17600000  0.0018703562989865299  0.99999999946635632  1.7268412436309353
 17800000  0.0025736767511927586  0.99999999896929304  2.063524455696836
 18000000  0.0028908936844464677  0.99999999871768297  1.6486762161753141
 18200000  0.0026836548285467678  0.99999999908126525  2.1348518137311792
 18400000  0.002063801532679379  0.99999999957148178  1.723261320390433
 18600000  0.0022434580994633198  0.99999999938444006  1.0897736524821007
 18800000  0.0034944023039342551  0.99999999840871034  1.5930593703611999
 19000000  0.0040256156500167806  0.99999999813879414  1.5320296589110813
 19200000  0.0020850210338075694  0.99999999938141593  1.2225839721528358
 19400000  0.00089361718772536616  0.99999999997314881  7.9680405049805323
 19600000  0.0025754217056823832  0.99999999937702666  2.2019460396894495
 19800000  0.0045918537403248473  0.99999999756072544  1.4480098835657647
 20000000  0.0043335330110782283  0.99999999773411496  1.6516210063151249
 20200000  0.0029272918134618082  0.99999999937441908  1.1657449547692571
 20400000  0.0010441370927707209  0.9999999999439223  3.3669615190097124
 20600000  0.0025281418664752659  0.99999999948558915  2.214393347362015
 20800000  0.0038547723841337918  0.99999999842285359  1.5941173024674566
 21000000  0.0038003198229826234  0.99999999798935779  1.5809272760665658
 21200000  0.0037644541252595774  0.99999999878508572  1.871787968198118
 21400000  0.0021243985375210732  0.99999999962413755  0.87958160629341597
 21600000  0.0019017011459670813  0.99999999955816266  1.9792765024668992
 21800000  0.0024924409845970882  0.99999999893958824  2.0939289873185465
 22000000  0.0033924294169894397  0.99999999814635532  1.580515499619727
 22200000  0.0027288338249110791  0.99999999902036818  2.0051187288028598
 22400000  0.0016308051486981748  0.99999999966411501  2.0184628768701574
 22600000  0.0024424939936961536  0.99999999931360817  1.2684009050910166
 22800000  0.0038573650917835068  0.99999999817136342  1.293092436260707
 23000000  0.0031690001387463217  0.99999999843638221  1.0967947074301152
 23200000  0.0011012948631572261  0.99999999973521203  1.4200352101923148
 23400000  0.0007343286257945797  0.99999999984727717  2.9106621278597116
 23600000  0.0032727179576269084  0.99999999899512271  1.6795058155637272
 23800000  0.0047991771747280662  0.99999999769006787  1.3977018948710975
 24000000  0.0037508257256092322  0.99999999835697673  1.5832438580266601
 24200000  0.0024919974746208944  0.99999999959536845  1.0919215341846384
 24400000  0.00064055629000310923  0.99999999985207266  1.8572536830175972
 24600000  0.0026318885654551065  0.99999999952738106  1.8759063226322268
 24800000  0.00377043368027674  0.99999999835180342  1.5497498886415122
 25000000  0.0045088393536827061  0.99999999787273675  1.5521653494361756
 25200000  0.0034341703584617124  0.99999999899574843  1.9222372642999135
 25400000  0.00081579629182972687  0.99999999982174537  1.6042973594164118
 25600000  0.0011075007620835466  0.99999999975802756  1.2884791052019813
 25800000  0.0029827206141138617  0.99999999849826893  1.6517701430929999
 26000000  0.0039191203097539221  0.99999999819435503  1.3216845973912208
 26200000  0.0026360992051102784  0.99999999924083438  1.5920569760990579
 26400000  0.0015109107923075413  0.99999999968399567  2.068443915952066
 26600000  0.0024526646962064998  0.9999999991257108  1.2554896991214815
 26800000  0.0034191150483161735  0.99999999813236617  1.446968128973084
 27000000  0.0026344993590482575  0.99999999880285195  1.3435803818498215
 27200000  0.0016826716085530304  0.99999999960733232  0.9157968669306038
 27400000  0.0018740991860295587  0.99999999965919695  2.7176508469556655
 27600000  0.0036939814611463935  0.99999999871940293  1.8161460068161268
 27800000  0.0037348633377438903  0.99999999800813766  1.5947784242348175
 28000000  0.0037384335242633465  0.99999999839840681  1.7881325386156517
 28200000  0.0028449347442316753  0.99999999938183659  1.6721798233593617
 28400000  0.0009810179744462078  0.99999999987986754  0.7226053408454548
 28600000  0.0030084909880696955  0.99999999939322914  2.1554028874734876
 28800000  0.0041244316286526243  0.99999999794364025  1.612939603283821
 29000000  0.0046902532661059248  0.99999999741810464  1.6384565797313753
 29200000  0.00297645594961525  0.99999999912532289  1.8470543592873876
 29400000  0.00085871775547736496  0.99999999994785405  1.8814336922045065
 29600000  0.0016128413340706484  0.99999999958571339  2.0677600881797207
 29800000  0.0039465348984586996  0.99999999819336405  1.8358925837330609
 30000000  0.0037474189754909746  0.99999999817974083  1.504384654569588
 30200000  0.0024939470604163224  0.99999999916628868  1.8325733195145291
 30400000  0.0019973338395297691  0.99999999961233543  2.6472013468698998
 30600000  0.0025668641782032342  0.99999999919740723  1.0627543960670587
 30800000  0.003087754258573766  0.99999999870513212  1.4179658178277157
 31000000  0.0025441348335799095  0.99999999886167212  1.4305057029876203
 31200000  0.0021375045473492026  0.99999999928636807  1.322714824957278
 31400000  0.0020872604881233209  0.9999999994860711  2.4715338008241643
 31600000  0.0029730306116227392  0.99999999906543868  2.0534410408220891
 31800000  0.0036718527527361019  0.99999999833637598  1.6083702601604282
 32000000  0.0039167859028924465  0.99999999836446762  1.8447556310015829
 32200000  0.0017726358468819351  0.99999999948318874  1.4575739748585639
 32400000  0.001167005920777677  0.99999999996706013  5.3410226038789475
 32600000  0.0024795209609488407  0.99999999939160999  2.8534325328321684
 32800000  0.0045467130545082841  0.99999999767619208  1.7855658685050966
 33000000  0.0047085644504447086  0.99999999770874048  1.7620587896463882
 33200000  0.0025068473888939214  0.99999999944872531  2.2237032753715753
 33400000  0.00051304195733896038  0.99999999998300437  4.5062863384224761
 33600000  0.0022343146678335413  0.99999999942022  1.6774843023954049
 33800000  0.0039036608204110414  0.99999999824949781  1.745025157756986
 34000000  0.0036956141952072721  0.99999999823973074  1.4032767610308634
 34200000  0.0034362078970097422  0.99999999899767034  2.0258438400758427
 34400000  0.0019910161636818714  0.99999999960805153  2.5955381859074365
 34600000  0.0021244224856967393  0.99999999939351802  1.2502377415423553
 34800000  0.0023969850493814897  0.99999999889828284  1.7456339145434958
 35000000  0.0029443499366430073  0.99999999851499222  1.646225281667538
 35200000  0.0027784892279480492  0.99999999906127623  1.3847258209941593
 35400000  0.0020700676068237298  0.99999999962220321  2.5162884365684595
 35600000  0.0025811830872608712  0.99999999922038685  2.3268073683653689
 35800000  0.0035789202585188927  0.99999999822097974  1.5449967898755466
 36000000  0.0034008405847445219  0.99999999829509745  1.6085223312544048
 36200000  0.0013093101646505141  0.99999999966329012  0.48013913585822565
 36400000  0.00072309484173330629  0.99999999991357003  4.4560358051104094
 36600000  0.0034553603525009214  0.99999999899719227  2.079497870718201
 36800000  0.0048750368097914554  0.99999999748871538  1.7567613291878137
 37000000  0.0037202324229076108  0.999999998185095  1.7688058863545495
 37200000  0.0023780480887083144  0.99999999969948861  3.0097181935376751
 37400000  0.00078885025832556288  0.99999999992434763  2.1377618935049472
 37600000  0.0029144600122847503  0.99999999933016437  1.4139187090535514
 37800000  0.0040865906606395745  0.99999999831234399  1.6580307790395452
 38000000  0.00409683081362651  0.99999999803317796  1.3495320388997887
 38200000  0.0032415703868935966  0.99999999906362347  1.9904545052265248
 38400000  0.0013204296103415472  0.99999999970181053  2.358834055799254
 38600000  0.0014350665198724906  0.99999999963614106  0.85582031546054982
 38800000  0.0029859134930212841  0.9999999986545296  1.4224700624738809
 39000000  0.0039080342230943844  0.99999999818247809  1.3737694787579287
 39200000  0.0024576456618430761  0.99999999930980432  0.86870255855615641
 39400000  0.001448846338874611  0.99999999967384501  2.715609279680975
 39600000  0.0023756061586965131  0.99999999915203275  2.1121464457018364
 39800000  0.0038481999692200159  0.9999999980216262  1.4604009417021928
 40000000  0.0028767581295155425  0.99999999881878876  1.5426110060371989
 40200000  0.0011014491612288738  0.99999999975460696  0.86021681505863945
 40400000  0.0015797544089176099  0.9999999997165202  1.202904941937716
 40600000  0.0037173142141038776  0.99999999859328148  1.7498118034894565
 40800000  0.0042538779655374379  0.99999999756234137  1.5210669628344893
 41000000  0.0036844673652170297  0.99999999863033373  1.4585975412724002
 41200000  0.0024979135081059436  0.99999999961005037  2.0561574437607177
 41400000  0.0013550338565795034  0.99999999984581123  1.1217273465880195
 41600000  0.0032717860198357746  0.9999999992887173  1.1827416714919567
 41800000  0.0038402858752643221  0.99999999796444039  1.433407678729945
 42000000  0.0045208422665361063  0.99999999783426863  1.2489459290080345
 42200000  0.0031319487831713995  0.99999999919838345  1.5419436748401718
 42400000  0.000598333353416397  0.99999999988993649  2.1956198865708085
 42600000  0.0018068371817006133  0.99999999953110263  1.2460198279129908
 42800000  0.0035518160995492783  0.99999999816702079  1.5156091630739326
 43000000  0.0035702842380475222  0.99999999819588248  1.4135723753088414
 43200000  0.0022318717835529927  0.99999999937367923  0.6676441925107679
 43400000  0.0018388615142423874  0.99999999967232844  2.1034822461461435
 43600000  0.0029868556314485203  0.99999999892013713  1.6928040554785513
 43800000  0.003347072906717962  0.99999999834334607  1.2189904004178795
 44000000  0.0021366777813068096  0.9999999990906201  1.5174040011019907
 44200000  0.0014623752029337719  0.99999999962865238  1.4838966850226232
 44400000  0.0021283824130326518  0.99999999949963669  1.1917981348601776
 44600000  0.0037133764423215995  0.99999999870257628  2.0481176540511017
 44800000  0.0037960993308547943  0.99999999821108365  1.6998632179508737
 45000000  0.0035536099402820221  0.99999999868844858  1.7238905933058493
 45200000  0.0017429022028688777  0.99999999961839425  2.487707979854541
 45400000  0.0012753527445457766  0.99999999994273114  2.2125077870565719
 45600000  0.0028856175415173462  0.99999999917248916  1.6075455467549582
 45800000  0.0047324251913756802  0.99999999760472713  1.6015076317624131
 46000000  0.0046058963111922941  0.99999999789500171  1.3597140382288249
 46200000  0.0020914729621448165  0.99999999955203289  1.6181183029267829
 46400000  0.00020544419218751112  0.99999999999280598  20.770630585409073
 46600000  0.0020271153884974039  0.99999999933225847  1.2991332142815049
 46800000  0.0041066900671138992  0.99999999799746431  1.4328856334228035
 47000000  0.0037176331302642227  0.99999999844065612  1.2877066262163053
 47200000  0.0026006425916891233  0.99999999934635686  1.1220046069947931
 47400000  0.0018716257399112584  0.99999999958539643  2.4212186035175702
 47600000  0.0024728892249664559  0.99999999905463033  2.0756800789673191
 47800000  0.0025952063490868801  0.99999999872821199  1.5500292041312633
 48000000  0.0028403423035442514  0.99999999883649715  1.9309644640430488
 48200000  0.0025049328412668852  0.99999999927605487  1.6866001250710156
 48400000  0.0025100961489766989  0.99999999948918239  1.3616014139725245
 48600000  0.0030545638473811671  0.9999999989334375  2.1769503000164514
 48800000  0.0034974733216371371  0.99999999820370422  1.7356050348737668
 49000000  0.0035509328712454769  0.99999999846879994  1.681689993958837
 49200000  0.001375777838970057  0.99999999964681319  2.2393529052453873
 49400000  0.0013876207664867287  0.9999999999093282  1.1377601507714497
 49600000  0.0033130467787738337  0.99999999892003943  1.4870593692907124
 49800000  0.0048482541620787955  0.99999999724688715  1.7063303231582654
 50000000  0.0038811939764623617  0.99999999805507345  1.4520814821879893
 50200000  0.0023393083783280386  0.99999999971643039  2.7905468698765481
 50400000  0.00065362510580923444  0.99999999990982191  6.7365795186285968
 50600000  0.0031687759432404289  0.99999999912907034  1.4474491667566631
 50800000  0.0042621801416159429  0.99999999809601969  1.485156759286044
 51000000  0.0035640045918763959  0.99999999823142316  1.3893403651376541
 51200000  0.0031311350814311389  0.99999999914416182  1.188121267748746
 51400000  0.0016113386342392997  0.99999999967282283  2.4211043901905591
 51600000  0.0020527607353435346  0.99999999943535911  2.2535196555116896
 51800000  0.0027683690788598966  0.99999999878348045  1.616000793023145
 52000000  0.0032972712997727852  0.99999999844526422  1.9428990893012552
 52200000  0.0023724762786667603  0.99999999924968441  1.3327632539487775
 52400000  0.0015904861189262635  0.99999999963196562  1.6736218141421653
 52600000  0.0025469549238929614  0.99999999917246518  2.2374629067797862
 52800000  0.0039407776169430352  0.99999999811905593  1.7529479599038216
 53000000  0.0031016895928693377  0.99999999864679867  1.7112001789435241
 53200000  0.00074458417342839985  0.9999999998165483  3.6402447555526729
 53400000  0.0012801347546086963  0.99999999981316001  1.588927219197048
 53600000  0.0036647250562252148  0.99999999862286293  1.2053431744275602
 53800000  0.0046212237457065562  0.99999999755187707  1.5494688014523448
 54000000  0.0035719663670406459  0.9999999986537943  1.2260009151568048
 54200000  0.0020983227337106523  0.99999999977211795  2.6812042361913364
 54400000  0.001099674510580882  0.99999999983495425  2.9245375258860311
 54600000  0.0032273048210588254  0.99999999919399429  1.0568618781919459
 54800000  0.0038754352767444841  0.99999999797399264  1.3908167570726213
 55000000  0.0044545503164586985  0.99999999808095041  1.4726270904649563
 55200000  0.003171376483755187  0.99999999923973859  1.0321228867116785
 55400000  0.0011167247664562137  0.99999999977316534  3.1170483297827523
 55600000  0.0018002593173284179  0.99999999956949326  2.4083151967965959
 55800000  0.003281149394696261  0.9999999981778056  1.6213121059849969
 56000000  0.0037153122681026413  0.99999999827894426  1.8136230492786676
 56200000  0.0023092297428180617  0.99999999939689899  1.2754287790442695
 56400000  0.0016566259551139713  0.99999999966624697  1.0044861658154378
 56600000  0.0029663841618319687  0.99999999888497826  1.5580305719564322
 56800000  0.0034827062613754321  0.99999999805210749  1.2784574764112386
 57000000  0.0020999398425960284  0.99999999911823101  1.268360355058308
 57200000  0.0013006647297619668  0.99999999972809961  2.3380730771766256
 57400000  0.0021691273948370227  0.9999999995493376  1.1941071417957831
 57600000  0.0042731985562112435  0.99999999838477494  1.3213599437584123
 57800000  0.0040030625370769245  0.99999999787861449  1.5039391167926817
 58000000  0.0032175963691294012  0.99999999898380409  1.0921115718018397
 58200000  0.0017876925477771732  0.99999999973099818  1.5124426282976298
 58400000  0.0015043379920541169  0.99999999986344834  2.0606013611505536
 58600000  0.0033925060088505323  0.99999999902945302  1.0495655194391897
 58800000  0.0044060422954390584  0.99999999784342142  1.3423155703692098
 59000000  0.0043843487536178874  0.99999999804923334  1.3698795802986687
 59200000  0.0019216450357841862  0.99999999961246488  0.1616564956318067
 59400000  0.00015906161163620349  0.99999999997039035  6.6781020991234739
 59600000  0.0021596574442312505  0.99999999924816818  1.7921904923337331
 59800000  0.0041130465542674865  0.99999999798083161  1.4165802437643629
 60000000  0.0036453237585882736  0.99999999852693455  1.6161018963433971
 60200000  0.0018652825437516108  0.99999999956731755  1.3998448463706186
 60400000  0.0017172426245450918  0.99999999957777874  0.9414630692688476
 60600000  0.0028200889697437091  0.99999999881080315  1.7367943093532809
 60800000  0.0030433286695677646  0.99999999850680721  1.4235063348523789
 61000000  0.0023292155272209188  0.99999999919559179  1.5946885586095627
 61200000  0.0017077362821155276  0.9999999996011445  2.5885876812297677
 61400000  0.0026700586959806654  0.9999999993464832  1.2624115312419784
 61600000  0.0033175553405994742  0.99999999857764654  1.3050144529133267
 61800000  0.003690509206740807  0.9999999982123029  1.5036927908965525
 62000000  0.0036072022877181443  0.99999999881158952  1.2549277385035669
 62200000  0.0013296444793825031  0.99999999971236075  1.6391468080063845
 62400000  0.0021241796760227191  0.99999999983795462  2.6657463637991174
 62600000  0.0033376766477442978  0.99999999870280698  1.3400851328997487
 62800000  0.0048183694486874564  0.99999999713326926  1.5421241287007259
 63000000  0.0040653378198767217  0.99999999829594666  1.4786731546974203
 63200000  0.0019071410508121522  0.99999999975790388  0.85770392836008635
 63400000  0.00050229731508616882  0.99999999990583588  4.6506442482800088
 63600000  0.0031491814178566026  0.9999999988972319  2.0125337069433842
 63800000  0.004178059853971453  0.99999999783517846  1.5209588488601802
 64000000  0.0033320541469284816  0.99999999848205201  1.6613843375193236
 64200000  0.002786462367912771  0.99999999938966233  1.8696081410768302
 64400000  0.0020114197728009434  0.99999999957332708  0.58731043023773966
 64600000  0.0027785378615022001  0.99999999901684544  1.7837406222366183
 64800000  0.002661260593500209  0.99999999871793477  1.606381734714015
 65000000  0.002816114044233362  0.9999999987315501  1.8927839145022567
 65200000  0.0022975119131341077  0.99999999931002026  2.3852494193008211
 65400000  0.0022739443192139742  0.99999999949664997  1.5217604664892583
 65600000  0.0030374121057590775  0.99999999892439451  1.3659684420044089
 65800000  0.0038152644365578689  0.99999999825635255  1.6838089581275077
 66000000  0.0028400086397387327  0.99999999877202084  1.3240502225237614
 66200000  0.00061131057482487238  0.99999999983894727  4.0926211751304757
 66400000  0.0014347207399187725  0.99999999982245968  4.0323344433934167
 66600000  0.0037280780354789341  0.99999999856039956  1.46676347368078
 66800000  0.0050565652915807854  0.99999999739542411  1.5346137047385811
 67000000  0.0033666605921668512  0.99999999868196765  1.4666637375715879
 67200000  0.0015922796268430868  0.9999999999142748  1.1214738509249151
 67400000  0.00097405656363428773  0.99999999981690901  3.8493227998001305
 67600000  0.0033877060777520065  0.99999999893277824  2.0627246978213711
 67800000  0.004053058462852744  0.99999999809524442  1.5809443673801489
 68000000  0.0039504702021312772  0.99999999840219234  2.0302208927974248
 68200000  0.0027784690802024102  0.99999999938907391  2.0919141125924412
 68400000  0.0012514633271954111  0.99999999970224052  1.27378613963395
 68600000  0.0019166093683169066  0.99999999940980078  2.3793213770384232
 68800000  0.0029266737253566028  0.99999999855691646  1.7938864200973224
 69000000  0.0035920396750039377  0.99999999842607079  1.8292870100219316
 69200000  0.0024239961101216157  0.99999999941341611  2.2842856787254346
 69400000  0.0017678395298925331  0.99999999960300801  1.7368437374736205
 69600000  0.0027456640216258653  0.99999999885598667  1.1727700685711215
 69800000  0.0036529763504171732  0.99999999795660688  1.4017974883994502
 70000000  0.0024269525799932015  0.99999999901682912  0.91004160880614049
 70200000  0.00086155465287836015  0.99999999982542753  4.0785318688314334
 70400000  0.0022458248459398013  0.99999999955792895  2.5587817361526866
 70600000  0.0043032872119949739  0.99999999820147323  1.535859558018899
 70800000  0.0040679231836394719  0.99999999769570991  1.6385312010307811
 71000000  0.0031316307754890348  0.99999999903499293  1.871816470966511
 71200000  0.001951396038665862  0.99999999981360799  1.1176547299690367
 71400000  0.0017633328927931932  0.99999999975286258  2.1904827761442607
 71600000  0.0038429014084983967  0.99999999886363489  1.7240621661837012
 71800000  0.0041562126482605089  0.9999999977288212  1.479866364297211
 72000000  0.0041885657781434099  0.9999999982049903  1.9095434474398825
 72200000  0.0023090670174707941  0.99999999951422325  1.6596723407577556
 72400000  0.00067980322980520122  0.99999999987095245  2.2396732879976482
 72600000  0.00231223975718648  0.99999999926584948  1.912320013130647
 72800000  0.0040277378861856387  0.99999999795683003  1.544875223327276
 73000000  0.0034189560777856949  0.99999999852777632  1.5771237780763427
 73200000  0.0016809087003010887  0.99999999956022056  2.5754024438756011
 73400000  0.0015844328834603151  0.99999999964525188  1.8784861837512692
 73600000  0.0032555000346115573  0.99999999868540146  1.2057154282813261
 73800000  0.0034176052127382647  0.99999999836547793  1.3646564276112738
 74000000  0.0019173467204780697  0.99999999930916239  0.7474222924699222
 74200000  0.0011873600569052456  0.99999999970726883  1.9724250247420854
 74400000  0.0026021272912109834  0.99999999930746031  1.9069383930271318
 74600000  0.0039725559444642213  0.99999999818551022  1.2891971649990337
 74800000  0.0038656397907895373  0.99999999821772445  1.4083436760084638
 75000000  0.0032588666381959978  0.99999999910653237  1.5822750523052873
 75200000  0.00091371437848881531  0.99999999980601462  0.70753801076667855
 75400000  0.0023635640521230605  0.99999999976620968  1.916218605918907
 75600000  0.0034055378088279583  0.99999999867036471  1.6161404735615064
 75800000  0.0046583787110511133  0.99999999744579204  1.4933481136388973
 76000000  0.0042531415039699771  0.99999999844218912  1.7478798327547234
 76200000  0.0012536133452787628  0.99999999983599963  1.5659081796495344
 76400000  0.00083746274523359898  0.99999999991351063  0.73346669614655891
 76600000  0.0028864064995183462  0.99999999879435608  1.6090307162696753
 76800000  0.0040930480162031475  0.99999999770527481  1.3946870129192044
 77000000  0.0032032353278731566  0.99999999876863099  1.3126026727827524
 77200000  0.0021915991919628608  0.99999999962981923  2.2359628724192948
 77400000  0.0020993140618755122  0.99999999945765439  1.2700447709794385
 77600000  0.003025662409353775  0.99999999868142664  0.98003323696873035
 77800000  0.0026588846011066096  0.99999999859794542  1.3396330040971669
 78000000  0.0021235991338310707  0.9999999992783799  1.2557159262180349
 78200000  0.0020048577121584226  0.99999999953241625  1.9385249977424766
 78400000  0.0030867036073920651  0.99999999922562544  2.2537206403998433
 78600000  0.0034323248770864209  0.99999999851555277  1.5142278508153411
 78800000  0.0035920236333878042  0.99999999831299236  1.7022978050954771
 79000000  0.0027473120628950898  0.99999999911023274  1.7890563644992932
 79200000  0.00066583200100363141  0.99999999984836396  0.89176369172218761
 79400000  0.0021154868358835119  0.99999999971087206  2.395891720596627
 79600000  0.004114860161432179  0.9999999982302723  1.745718236485333
 79800000  0.0049620849596381999  0.99999999738274581  1.5333195258022245
 80000000  0.0031088428321741266  0.99999999890654834  1.7992048442301765
 80200000  0.0011988878809392025  0.99999999996086342  4.403547615514972
 80400000  0.00084179720226592431  0.99999999981908905  0.4231795194026779
 80600000  0.0037962361556772317  0.99999999842996712  1.719611590935205
 80800000  0.0042700441177106257  0.99999999804028272  1.4623025448792184
 81000000  0.0032128616010715519  0.99999999887843238  1.7634117770189912
 81200000  0.0022800301485528447  0.99999999954978902  2.7463451704533863
 81400000  0.001741925767507238  0.99999999948428675  1.8399608842437569
 81600000  0.0024863189782931283  0.99999999895468272  1.1640019970381326
 81800000  0.0029203407721150269  0.99999999867800304  1.591098411075818
 82000000  0.0031312208904850547  0.99999999883155122  1.3424779043633879
 82200000  0.002259890772341074  0.99999999947526563  1.8941758828016919
 82400000  0.0023666471593453927  0.99999999936197548  2.4721492240738625
 82600000  0.0029170842004996658  0.99999999865769684  1.5743051541591071
 82800000  0.0038608399476261455  0.9999999981694172  1.648268560782878
 83000000  0.0024205330696112195  0.99999999917824789  1.4779455605578158
 83200000  0.00079696376255246164  0.9999999999158915  2.1827141240614054
 83400000  0.0023249728650196061  0.99999999951015905  2.4989527682523098
 83600000  0.0043121356072213261  0.99999999783494309  1.949662534141285
 83800000  0.0044577563633267283  0.99999999743763868  1.7168451567208356
 84000000  0.0030368878076557594  0.99999999917310212  2.4876819548247293
 84200000  0.0013593289137203001  0.99999999990829302  4.7175036678208579
 84400000  0.0021799476744507793  0.999999999599817  0.96701318857083141
 84600000  0.0040695595169285585  0.99999999841361831  1.6403183246842228
 84800000  0.003854969583432892  0.99999999791582295  1.4430880551397023
 85000000  0.0038859192332347959  0.99999999848908727  1.7118747956785156
 85200000  0.0024382505125030503  0.9999999995544111  2.5769578374331243
 85400000  0.0014104346371637115  0.99999999974432796  1.8280752536717366
 85600000  0.0024344276879605343  0.99999999915677928  1.5170944353851989
 85800000  0.0034161121500996933  0.99999999814362706  1.7399543158956434
 86000000  0.0032065287328574381  0.9999999986063145  1.2687548830179813
 86200000  0.0018276954927799139  0.99999999955207253  2.256885319091543
 86400000  0.0018072227814233258  0.99999999959078822  2.9376490102889647
 86600000  0.0033580259942385094  0.9999999986353646  1.675049019280237
 86800000  0.0035052755533410843  0.99999999824267549  1.5929966149202865
 87000000  0.0016836630202979857  0.99999999937146067  1.7576418524034003
 87200000  0.00065541704500562817  0.99999999984694155  0.8940876211232629
 87400000  0.0026296739890089033  0.99999999931897054  1.7277705375079624
 87600000  0.0044348316284620664  0.99999999803756345  1.7513927174831376
 87800000  0.0038451571372024977  0.99999999823062291  1.5877703046570926
 88000000  0.0027909975808662209  0.99999999932707351  2.5215284423349043
 88200000  0.00080443733738699494  0.99999999987687538  3.115560882509075
 88400000  0.0022860945985809979  0.99999999967408804  1.2351887143397637
 88600000  0.0036554744030312405  0.99999999857603994  1.6445026915504357
 88800000  0.0046165777324761138  0.99999999771609482  1.5281635941062124
 89000000  0.0040778631390222097  0.99999999858651212  1.5971439101108558
 89200000  0.0013110859820017432  0.99999999975418974  2.957368366823443
 89400000  0.0010755902802175291  0.99999999990612676  1.2051097491120435
 89600000  0.0025912369721030259  0.99999999888543833  1.2965095327053555
 89800000  0.004222438847745617  0.99999999778382398  1.5227443049332201
 90000000  0.0032772681986226165  0.99999999884895263  0.94777043006382355
 90200000  0.0016275529427693873  0.99999999969706743  1.9337561871757902
 90400000  0.0019768107610925725  0.99999999943363804  1.9943453549754533
 90600000  0.0031230965607978844  0.99999999844023801  1.2603573201336444
 90800000  0.0027885331579790189  0.99999999856185307  1.4391377858043666
 91000000  0.0020263322891196371  0.99999999940295703  1.7955488518970033
 91200000  0.0017758426959639574  0.99999999963049979  0.8558420798722175
 91400000  0.0034314951446924378  0.99999999899532344  1.7417177509443502
 91600000  0.0038961857078024854  0.99999999812585882  1.6595844140770581
 91800000  0.0034475367079282982  0.99999999840417753  1.4939468956874229
 92000000  0.0028339525322967538  0.99999999931742112  1.8707899775086716
 92200000  0.00089348796714150424  0.99999999984209353  1.7863626089722668
 92400000  0.002823541008640509  0.99999999956221197  0.67602883356871379
 92600000  0.0039811100001911175  0.9999999982706691  1.4009593406400294
 92800000  0.0047573305146359239  0.99999999729615496  1.335524079892459
 93000000  0.0031281870524131972  0.99999999901923753  1.2313751901073908
 93200000  0.00098241137375508882  0.99999999996813593  2.849670885323814
 93400000  0.0012396417959381824  0.99999999975388376  1.2165552114672531
 93600000  0.0038019942745346341  0.99999999834596265  1.2270226713976695
 93800000  0.004318341212510071  0.99999999785157467  1.4009506935881642
 94000000  0.0025924983152685196  0.99999999913368254  1.1227875718041682
 94200000  0.0019778633873481439  0.99999999967531317  1.5173220896945563
 94400000  0.0021058274045699771  0.99999999936532546  2.0121000388498484
 94600000  0.003069667020229459  0.99999999866845224  1.2444212712797946
 94800000  0.002702809163869222  0.99999999883504032  1.5332292868198278
 95000000  0.0021525295900983216  0.99999999934183215  1.8534761901265353
 95200000  0.0020531019839873455  0.99999999948314144  0.56076606285195563
 95400000  0.0027336920225181868  0.99999999912575721  1.7538802411122723
 95600000  0.0033456806800298824  0.99999999842789233  1.7001778926330027
 95800000  0.0037815016528542681  0.99999999843872389  1.5842849906899927
 96000000  0.0022498854453484522  0.99999999937764106  2.0085941891684542
 96200000  0.0012776862411368879  0.99999999993505695  3.1816309142401429
 96400000  0.0024594343623077766  0.99999999943888385  0.95625099820263981
 96600000  0.004459230659726152  0.99999999750783131  1.610338490771039
 96800000  0.0046943631495684895  0.99999999769956815  1.460329616907234
 97000000  0.0027091020004322225  0.99999999934402273  1.6275813480456769
 97200000  0.00060520588560024227  0.99999999998718003  10.931249007059101
 97400000  0.0020914154594035726  0.99999999951088592  1.8591379226229203
 97600000  0.0041116329387715575  0.99999999803001938  1.2145360217618759
 97800000  0.0038517569833236968  0.99999999806948414  1.3207249178459546
 98000000  0.0034452388390609412  0.99999999898514091  1.2411838156267341
 98200000  0.0021918081690684944  0.99999999963527209  1.3329115492965831
 98400000  0.0021864092155310659  0.99999999937373618  2.209195364574374
 98600000  0.0025966982956807834  0.99999999891795377  1.6197088232869357
 98800000  0.0030090950836145643  0.99999999843745446  1.9663431957800077
 99000000  0.0030705959540933137  0.99999999884637991  1.9098975568837553
 99200000  0.0021033400457027805  0.99999999955615448  0.95232069129649044
 99400000  0.0024621462913597975  0.99999999929114569  1.8751405576933433
 99600000  0.0033297391364524925  0.99999999849694887  1.8136625875240988
 99800000  0.0033654417461445002  0.99999999824343422  1.5590164184876638
 100000000  0.0015166975904544776  0.99999999950304086  2.5551950490063793
 100200000  0.00077126654721424294  0.99999999989596411  3.9838477329284818
 100400000  0.0028736028002915737  0.99999999919087845  0.95905628748230631
 100600000  0.004853465120718342  0.99999999766379788  1.5647642670233819
 100800000  0.0039335514126939237  0.99999999804484563  1.444812287921998
 101000000  0.0023283980153365811  0.99999999960091157  2.0439005469084273
 101200000  0.00074015121462127852  0.99999999991078103  6.5187154586898277
 101400000  0.002643264475505737  0.99999999941095075  1.7890596375221994
 101600000  0.0041151362142300123  0.99999999831278286  1.427286153450307
 101800000  0.0041547057335353139  0.99999999799606809  1.7238839393130454
 102000000  0.0036087331922721975  0.99999999880122736  1.4459907474154849
 102200000  0.0012863572862777211  0.99999999973106257  1.9777944768468245
 102400000  0.0013262172971760908  0.9999999997765272  3.2820757178585276
 102600000  0.0026156372417001036  0.99999999891020086  1.7516375304144403
 102800000  0.0039366694605580651  0.99999999812777063  1.8859138447922366
 103000000  0.0032199998618974101  0.99999999890823843  1.7481184755776433
 103200000  0.0014693306412379298  0.99999999967268893  0.94290147041422034
 103400000  0.001869750256150451  0.99999999940215034  1.7250588246455458
 103600000  0.003338343665288158  0.99999999836009645  1.6959146374512399
 103800000  0.0031020552833213042  0.99999999853571298  1.5141367977523799
 104000000  0.001614853747414153  0.99999999952793883  2.9423694502899922
 104200000  0.0014038586210986842  0.99999999974534093  2.6010249961425047
 104400000  0.003405018231608705  0.99999999883332025  1.1669366176987483
 104600000  0.0039837024068733375  0.99999999796090877  1.5777523817786234
 104800000  0.0035015673342630349  0.99999999844436749  1.5784955758718402
 105000000  0.0027679014850976384  0.99999999949492357  1.5390072628907845
 105200000  0.00097788388629598943  0.99999999982260646  2.6669035306002256
 105400000  0.003310140257980139  0.99999999936688211  1.1498821782861137
 105600000  0.0038482758637261496  0.99999999816424789  1.3039503605557965
 105800000  0.004654184052834613  0.99999999741940593  1.6170153479761693
 106000000  0.0034486649761802891  0.99999999894681446  1.1085392555001268
 106200000  0.0008724427977715544  0.9999999998919108  3.1999969079425483
 106400000  0.001555043982308656  0.99999999973451459  2.7656240074911183
 106600000  0.0035708422783707022  0.9999999983853407  1.6309762355388282
 106800000  0.0041367941531717011  0.99999999770057757  1.7057411706126511
 107000000  0.0026172982352742798  0.9999999990991546  1.9135796033821775
 107200000  0.0016863500222916159  0.999999999732053  1.1340779928908615
 107400000  0.0023538003401344775  0.99999999932893746  1.444062559208148
 107600000  0.0034321207923535468  0.99999999847273646  1.4654275220699018
 107800000  0.0025681934491892083  0.99999999880532064  1.3426409477191994
 108000000  0.0018069546654454626  0.99999999945576956  2.1668090755912282
 108200000  0.0019751543331046665  0.99999999951276319  1.6296877652177908
 108400000  0.0033091213443244677  0.99999999894457847  0.91083396407642891
 108600000  0.0037460617689025382  0.99999999832250097  1.479981566978978
 108800000  0.0035279900659892947  0.99999999860164279  1.456939651881674
 109000000  0.0018500969590711633  0.99999999954610785  1.0865687795446146
 109200000  0.0012937504323776662  0.99999999991012622  2.1931985891501173
 109400000  0.0026797662396328111  0.99999999944076579  1.2055773582913294
 109600000  0.0043342237165185944  0.99999999779600757  1.3287641686852885
 109800000  0.004927761465900223  0.99999999768017378  1.4992977726160519
 110000000  0.0023528491692791889  0.99999999947115914  0.8743476587126281
 110200000  0.0001657527562006635  0.99999999999247391  164.70814044424247
 110400000  0.0018721350273874847  0.99999999952805274  1.8842700667330183
 110600000  0.0041310995640429513  0.99999999786413973  1.3595581827608367
 110800000  0.0040373365904113933  0.99999999817290286  1.4342354324715356
 111000000  0.0029051359809087129  0.99999999925665362  1.8173070283635371
 111200000  0.0017380669721942092  0.99999999969448472  0.44981868773024952
 111400000  0.0022250944148698858  0.99999999923882976  1.4545779222334101
 111600000  0.0027720125974770452  0.99999999865072275  1.6341641706405734
 111800000  0.0026216555800718444  0.99999999885854574  1.7533645437415855
 112000000  0.0026837149047435811  0.99999999920150107  2.2310162454280498
 112200000  0.00246439842987576  0.99999999951881624  1.9401285907857808
 112400000  0.0027690818436040192  0.99999999907088111  0.95332942876801041
 112600000  0.0032225461355094775  0.99999999840062503  1.4737263465552941
 112800000  0.0033915183969030812  0.99999999847919385  1.3270075020169663
 113000000  0.0016630712658103873  0.99999999955161689  0.98100724642424342
 113200000  0.0012738642432546373  0.99999999990395172  3.431100703087596
 113400000  0.0032405164823602413  0.99999999901154368  1.5514928304794895
 113600000  0.0048095271789527069  0.99999999741501566  1.4007720572230162
 113800000  0.0038918713279702563  0.99999999809837514  1.5120509391759986
 114000000  0.0021375445235805352  0.99999999968573849  1.3815415144714891
 114200000  0.00058010842427907441  0.99999999997696731  0.85153789744092268
 114400000  0.0030331175584670878  0.9999999991210784  2.1905269207247025
 114600000  0.0044800422040696545  0.99999999796349703  1.575077283025869
 114800000  0.0037476772538272882  0.99999999826060315  1.8368593212415596
 115000000  0.0031859320595350577  0.99999999912820925  2.2389294259911265
 115200000  0.0016191308970844097  0.99999999967074216  1.2956010853957305
 115400000  0.0019728796926004859  0.99999999943924522  1.3797822525241112
 115600000  0.0028398745499315379  0.99999999881954993  1.7595113355455811
 115800000  0.003637353672691827  0.99999999831396535  1.6742140733353597
 116000000  0.0027856923264527591  0.99999999909998827  2.072263668513934
 116200000  0.0017082562169862345  0.99999999958680219  2.348837533264549
 116400000  0.0021568373047338172  0.99999999924878269  1.0740099486115622
 116600000  0.0036043475920961823  0.99999999834070408  1.5214095615130858
 116800000  0.11630451528542905  0.99999996310623052  20.963800160326493
 117000000  0.29244329285510584  0.99999999202191947  99.924957855699773
 117200000  0.46974247558197019  0.99999988794893591  160.8690648637978
 117400000  0.64900238118799303  0.999999963058958  121.11352641337608
 117600000  0.83108085997273673  0.99999967810723644  21.81674714937542
 117800000  1.0072637216409528  0.99999996430117299  58.098916373340479
 118000000  1.1840501946455655  0.99999994596275421  104.98805106938507
 118200000  1.4387748846485016  0.99999950469089338  55.274142174743353
 118400000  1.7691315916997765  0.99999991165003033  36.883345732996148
 118600000  1.8475006847296693  0.99999995605269887  64.31748256476105
 118800000  7.4948706680899759  0.99999842013646156  68.324397983776493
 119000000  15.776507741386808  0.99999942116677321  133.4903871056307
 119200000  24.091401601975281  0.99999565807850632  20.250191670924988
 119400000  32.408407460486629  0.99999503724434302  2.4428576717367343
 119600000  40.721661012598886  0.9999933267641653  175.47430643354062
 119800000  49.042828251653638  0.99999513134700979  10.835185374026539
 120000000  57.35749859825556  0.99998841778300696  175.59077700072586
 120200000  65.677311183741779  0.99998123891174495  13.185173110021902
 120400000  73.993784763824522  0.99999792744684457  50.062044859003088
 120600000  82.308793112925002  0.9999950945197843  168.31500216109683
 120800000  90.623922742229752  0.99998596619836688  178.41662522237178
 121000000  98.942443554703587  0.99999620225065655  130.38543636492733
 121200000  107.25952975015845  0.99998190073635218  40.28311340793131
 121400000  115.57351858300386  0.99997766066885752  20.103020570566432
 121600000  123.88844445360122  0.99999190478013278  25.763370092097386
 121800000  132.20185261400385  0.99997429234842217  139.71295960952847
 122000000  140.51615317129964  0.99998483770492463  126.38717598471253
 122200000  148.82885116169552  0.99995353324252689  162.21225635374523
 122400000  157.14663785548504  0.99999176818203028  79.426932323692597
 122600000  165.46126104814181  0.99996361605335127  32.471760335241306
 122800000  173.76994247422508  0.99997873084331412  175.96757930296886
 123000000  182.08241483997284  0.99997507799723395  150.03187277001928
 123200000  190.40060573698895  0.99998661626706853  2.3508310701277639
 123400000  198.71888136990637  0.99996763326683968  64.208458589493702
 123600000  207.0254701393761  0.99996977328321657  126.98467809017029
 123800000  215.34363702464103  0.99997155934855741  51.18032495985581
 124000000  223.65781054940749  0.99994170531459536  136.83469006117346
 124200000  231.9689515668174  0.99998541522766349  166.21266690643824
 124400000  240.28497555356597  0.99995926345683994  1.7967075550918217
 124600000  248.53196939584851  0.99998685308890545  34.619544836951377
 124800000  256.64783345489769  0.99999051748399681  50.31747372428088
 125000000  264.88042214932437  0.99998956213234746  62.403771614262673
 125200000  273.16533008813519  0.99998625943096064  83.66908893911851
 125400000  281.49519504587096  0.99997897867607854  102.08009745900279
 125600000  289.87482414055034  0.99997301291255603  119.98127282379268
 125800000  298.33771981001075  0.99996180460320505  137.02072055518673
 126000000  306.67016002260846  0.9999811064634736  19.494776127742281
 126200000  314.90620376122826  0.99995066750962558  9.0644929971128416
 126400000  323.32829756599187  0.99990292628849842  25.982490100997289
 126600000  331.51266344941814  0.99990524550992999  27.761292005332816
 126800000  339.15745727560807  0.99996973528244693  158.14315671889287
 127000000  346.80996393334618  0.99992454607156367  141.76683441947901
 127200000  354.47246444271832  0.99992719800639074  12.791149501227617
 127400000  362.13603828894065  0.99996624506858001  55.408789734249382
 127600000  369.80245529794314  0.99988457149756804  159.83256046157499
 127800000  377.47454836248085  0.99997567713907143  52.656393403564174
 128000000  385.14579001310796  0.99990450278772003  33.613827718662179
 128200000  392.81272459910832  0.9999789286127051  153.29813826055681
 128400000  400.48183437568053  0.99989564013945564  151.55648994590305
 128600000  408.16110351014424  0.99998059545375118  84.049430674450562
 128800000  415.84783497408506  0.99984186086215243  25.511385653307443
 129000000  423.5146235672654  0.99995800632367593  13.218866902293748
 129200000  431.20045823526658  0.99996449671469245  154.52379690204813
 129400000  438.86895451300262  0.99991837416640039  138.34449972146285
 129600000  446.55234978253293  0.99988698897251582  19.36879682596539
 129800000  1.#QNAN  1.#QNAN  1.#QNAN
 130000000  1.#QNAN  1.#QNAN  1.#QNAN
 130200000  1.#QNAN  1.#QNAN  1.#QNAN
 130400000  1.#QNAN  1.#QNAN  1.#QNAN
 130600000  1.#QNAN  1.#QNAN  1.#QNAN
 130800000  1.#QNAN  1.#QNAN  1.#QNAN
 131000000  1.#QNAN  1.#QNAN  1.#QNAN
 131200000  1.#QNAN  1.#QNAN  1.#QNAN
 131400000  1.#QNAN  1.#QNAN  1.#QNAN
 131600000  1.#QNAN  1.#QNAN  1.#QNAN
 131800000  1.#QNAN  1.#QNAN  1.#QNAN
 132000000  1.#QNAN  1.#QNAN  1.#QNAN
 132200000  1.#QNAN  1.#QNAN  1.#QNAN
 132400000  1.#QNAN  1.#QNAN  1.#QNAN
 132600000  1.#QNAN  1.#QNAN  1.#QNAN
 132800000  1.#QNAN  1.#QNAN  1.#QNAN
 133000000  1.#QNAN  1.#QNAN  1.#QNAN
 133200000  1.#QNAN  1.#QNAN  1.#QNAN
 133400000  1.#QNAN  1.#QNAN  1.#QNAN
 133600000  1.#QNAN  1.#QNAN  1.#QNAN
 133800000  1.#QNAN  1.#QNAN  1.#QNAN
 134000000  1.#QNAN  1.#QNAN  1.#QNAN
 134200000  1.#QNAN  1.#QNAN  1.#QNAN
 134400000  1.#QNAN  1.#QNAN  1.#QNAN
 134600000  1.#QNAN  1.#QNAN  1.#QNAN
 134800000  1.#QNAN  1.#QNAN  1.#QNAN
 135000000  1.#QNAN  1.#QNAN  1.#QNAN
 135200000  1.#QNAN  1.#QNAN  1.#QNAN
 135400000  1.#QNAN  1.#QNAN  1.#QNAN
 135600000  1.#QNAN  1.#QNAN  1.#QNAN
 135800000  1.#QNAN  1.#QNAN  1.#QNAN
 136000000  1.#QNAN  1.#QNAN  1.#QNAN
 136200000  1.#QNAN  1.#QNAN  1.#QNAN
 136400000  1.#QNAN  1.#QNAN  1.#QNAN
 136600000  1.#QNAN  1.#QNAN  1.#QNAN
 136800000  1.#QNAN  1.#QNAN  1.#QNAN
 137000000  1.#QNAN  1.#QNAN  1.#QNAN
 137200000  1.#QNAN  1.#QNAN  1.#QNAN
 137400000  1.#QNAN  1.#QNAN  1.#QNAN
 137600000  1.#QNAN  1.#QNAN  1.#QNAN
 137800000  1.#QNAN  1.#QNAN  1.#QNAN
 138000000  1.#QNAN  1.#QNAN  1.#QNAN
 138200000  1.#QNAN  1.#QNAN  1.#QNAN
 138400000  1.#QNAN  1.#QNAN  1.#QNAN
 138600000  1.#QNAN  1.#QNAN  1.#QNAN
 138800000  1.#QNAN  1.#QNAN  1.#QNAN
 139000000  1.#QNAN  1.#QNAN  1.#QNAN
 139200000  1.#QNAN  1.#QNAN  1.#QNAN
 139400000  1.#QNAN  1.#QNAN  1.#QNAN
 139600000  1.#QNAN  1.#QNAN  1.#QNAN
 139800000  1.#QNAN  1.#QNAN  1.#QNAN
 140000000  1.#QNAN  1.#QNAN  1.#QNAN
 140200000  1.#QNAN  1.#QNAN  1.#QNAN
 140400000  1.#QNAN  1.#QNAN  1.#QNAN
 140600000  1.#QNAN  1.#QNAN  1.#QNAN
 140800000  1.#QNAN  1.#QNAN  1.#QNAN
 141000000  1.#QNAN  1.#QNAN  1.#QNAN
 141200000  1.#QNAN  1.#QNAN  1.#QNAN
 141400000  1.#QNAN  1.#QNAN  1.#QNAN
 141600000  1.#QNAN  1.#QNAN  1.#QNAN
 141800000  1.#QNAN  1.#QNAN  1.#QNAN
 142000000  1.#QNAN  1.#QNAN  1.#QNAN
 142200000  1.#QNAN  1.#QNAN  1.#QNAN
 142400000  1.#QNAN  1.#QNAN  1.#QNAN
 142600000  1.#QNAN  1.#QNAN  1.#QNAN
 142800000  1.#QNAN  1.#QNAN  1.#QNAN
 143000000  1.#QNAN  1.#QNAN  1.#QNAN
 143200000  1.#QNAN  1.#QNAN  1.#QNAN
 143400000  1.#QNAN  1.#QNAN  1.#QNAN
 143600000  1.#QNAN  1.#QNAN  1.#QNAN
 143800000  1.#QNAN  1.#QNAN  1.#QNAN
 144000000  1.#QNAN  1.#QNAN  1.#QNAN
 144200000  1.#QNAN  1.#QNAN  1.#QNAN
 144400000  1.#QNAN  1.#QNAN  1.#QNAN
 144600000  1.#QNAN  1.#QNAN  1.#QNAN
 144800000  1.#QNAN  1.#QNAN  1.#QNAN
 145000000  1.#QNAN  1.#QNAN  1.#QNAN
 145200000  1.#QNAN  1.#QNAN  1.#QNAN
 145400000  1.#QNAN  1.#QNAN  1.#QNAN
 145600000  1.#QNAN  1.#QNAN  1.#QNAN
 145800000  1.#QNAN  1.#QNAN  1.#QNAN
 146000000  1.#QNAN  1.#QNAN  1.#QNAN
 146200000  1.#QNAN  1.#QNAN  1.#QNAN
 146400000  1.#QNAN  1.#QNAN  1.#QNAN
 146600000  1.#QNAN  1.#QNAN  1.#QNAN
 146800000  1.#QNAN  1.#QNAN  1.#QNAN
 147000000  1.#QNAN  1.#QNAN  1.#QNAN
 147200000  1.#QNAN  1.#QNAN  1.#QNAN
 147400000  1.#QNAN  1.#QNAN  1.#QNAN
 147600000  1.#QNAN  1.#QNAN  1.#QNAN
 147800000  1.#QNAN  1.#QNAN  1.#QNAN
 148000000  1.#QNAN  1.#QNAN  1.#QNAN
 148200000  1.#QNAN  1.#QNAN  1.#QNAN
 148400000  1.#QNAN  1.#QNAN  1.#QNAN
 148600000  1.#QNAN  1.#QNAN  1.#QNAN
 148800000  1.#QNAN  1.#QNAN  1.#QNAN
 149000000  1.#QNAN  1.#QNAN  1.#QNAN
 149200000  1.#QNAN  1.#QNAN  1.#QNAN
 149400000  1.#QNAN  1.#QNAN  1.#QNAN
 149600000  1.#QNAN  1.#QNAN  1.#QNAN
 149800000  1.#QNAN  1.#QNAN  1.#QNAN
 150000000  1.#QNAN  1.#QNAN  1.#QNAN
 150200000  1.#QNAN  1.#QNAN  1.#QNAN
 150400000  1.#QNAN  1.#QNAN  1.#QNAN
 150600000  1.#QNAN  1.#QNAN  1.#QNAN
 150800000  1.#QNAN  1.#QNAN  1.#QNAN
 151000000  1.#QNAN  1.#QNAN  1.#QNAN
 151200000  1.#QNAN  1.#QNAN  1.#QNAN
 151400000  1.#QNAN  1.#QNAN  1.#QNAN
 151600000  1.#QNAN  1.#QNAN  1.#QNAN
 151800000  1.#QNAN  1.#QNAN  1.#QNAN
 152000000  1.#QNAN  1.#QNAN  1.#QNAN
 152200000  1.#QNAN  1.#QNAN  1.#QNAN
 152400000  1.#QNAN  1.#QNAN  1.#QNAN
 152600000  1.#QNAN  1.#QNAN  1.#QNAN
 152800000  1.#QNAN  1.#QNAN  1.#QNAN
 153000000  1.#QNAN  1.#QNAN  1.#QNAN
 153200000  1.#QNAN  1.#QNAN  1.#QNAN
 153400000  1.#QNAN  1.#QNAN  1.#QNAN
 153600000  1.#QNAN  1.#QNAN  1.#QNAN
 153800000  1.#QNAN  1.#QNAN  1.#QNAN
 154000000  1.#QNAN  1.#QNAN  1.#QNAN
 154200000  1.#QNAN  1.#QNAN  1.#QNAN
 154400000  1.#QNAN  1.#QNAN  1.#QNAN
 154600000  1.#QNAN  1.#QNAN  1.#QNAN
 154800000  1.#QNAN  1.#QNAN  1.#QNAN
 155000000  1.#QNAN  1.#QNAN  1.#QNAN
 155200000  1.#QNAN  1.#QNAN  1.#QNAN
 155400000  1.#QNAN  1.#QNAN  1.#QNAN
 155600000  1.#QNAN  1.#QNAN  1.#QNAN
 155800000  1.#QNAN  1.#QNAN  1.#QNAN
 156000000  1.#QNAN  1.#QNAN  1.#QNAN
 156200000  1.#QNAN  1.#QNAN  1.#QNAN
 156400000  1.#QNAN  1.#QNAN  1.#QNAN
 156600000  1.#QNAN  1.#QNAN  1.#QNAN
 156800000  1.#QNAN  1.#QNAN  1.#QNAN
 157000000  1.#QNAN  1.#QNAN  1.#QNAN
 157200000  1.#QNAN  1.#QNAN  1.#QNAN
 157400000  1.#QNAN  1.#QNAN  1.#QNAN
 157600000  1.#QNAN  1.#QNAN  1.#QNAN
 157800000  1.#QNAN  1.#QNAN  1.#QNAN
 158000000  1.#QNAN  1.#QNAN  1.#QNAN
 158200000  1.#QNAN  1.#QNAN  1.#QNAN
 158400000  1.#QNAN  1.#QNAN  1.#QNAN
 158600000  1.#QNAN  1.#QNAN  1.#QNAN
 158800000  1.#QNAN  1.#QNAN  1.#QNAN
 159000000  1.#QNAN  1.#QNAN  1.#QNAN
 159200000  1.#QNAN  1.#QNAN  1.#QNAN
 159400000  1.#QNAN  1.#QNAN  1.#QNAN
 159600000  1.#QNAN  1.#QNAN  1.#QNAN
 159800000  1.#QNAN  1.#QNAN  1.#QNAN
 160000000  1.#QNAN  1.#QNAN  1.#QNAN
 160200000  1.#QNAN  1.#QNAN  1.#QNAN
 160400000  1.#QNAN  1.#QNAN  1.#QNAN
 160600000  1.#QNAN  1.#QNAN  1.#QNAN
 160800000  1.#QNAN  1.#QNAN  1.#QNAN
 161000000  1.#QNAN  1.#QNAN  1.#QNAN
 161200000  1.#QNAN  1.#QNAN  1.#QNAN
 161400000  1.#QNAN  1.#QNAN  1.#QNAN
 161600000  1.#QNAN  1.#QNAN  1.#QNAN
 161800000  1.#QNAN  1.#QNAN  1.#QNAN
 162000000  1.#QNAN  1.#QNAN  1.#QNAN
 162200000  1.#QNAN  1.#QNAN  1.#QNAN
 162400000  1.#QNAN  1.#QNAN  1.#QNAN
 162600000  1.#QNAN  1.#QNAN  1.#QNAN
 162800000  1.#QNAN  1.#QNAN  1.#QNAN
 163000000  1.#QNAN  1.#QNAN  1.#QNAN
 163200000  1.#QNAN  1.#QNAN  1.#QNAN
 163400000  1.#QNAN  1.#QNAN  1.#QNAN
 163600000  1.#QNAN  1.#QNAN  1.#QNAN
 163800000  1.#QNAN  1.#QNAN  1.#QNAN
 164000000  1.#QNAN  1.#QNAN  1.#QNAN
 164200000  1.#QNAN  1.#QNAN  1.#QNAN
 164400000  1.#QNAN  1.#QNAN  1.#QNAN
 164600000  1.#QNAN  1.#QNAN  1.#QNAN
 164800000  1.#QNAN  1.#QNAN  1.#QNAN
 165000000  1.#QNAN  1.#QNAN  1.#QNAN
 165200000  1.#QNAN  1.#QNAN  1.#QNAN
 165400000  1.#QNAN  1.#QNAN  1.#QNAN
 165600000  1.#QNAN  1.#QNAN  1.#QNAN
 165800000  1.#QNAN  1.#QNAN  1.#QNAN
 166000000  1.#QNAN  1.#QNAN  1.#QNAN
 166200000  1.#QNAN  1.#QNAN  1.#QNAN
 166400000  1.#QNAN  1.#QNAN  1.#QNAN
 166600000  1.#QNAN  1.#QNAN  1.#QNAN
 166800000  1.#QNAN  1.#QNAN  1.#QNAN
 167000000  1.#QNAN  1.#QNAN  1.#QNAN
 167200000  1.#QNAN  1.#QNAN  1.#QNAN
 167400000  1.#QNAN  1.#QNAN  1.#QNAN
 167600000  1.#QNAN  1.#QNAN  1.#QNAN
 167800000  1.#QNAN  1.#QNAN  1.#QNAN
 168000000  1.#QNAN  1.#QNAN  1.#QNAN
 168200000  1.#QNAN  1.#QNAN  1.#QNAN
 168400000  1.#QNAN  1.#QNAN  1.#QNAN
 168600000  1.#QNAN  1.#QNAN  1.#QNAN
 168800000  1.#QNAN  1.#QNAN  1.#QNAN
 169000000  1.#QNAN  1.#QNAN  1.#QNAN
 169200000  1.#QNAN  1.#QNAN  1.#QNAN
 169400000  1.#QNAN  1.#QNAN  1.#QNAN
 169600000  1.#QNAN  1.#QNAN  1.#QNAN
 169800000  1.#QNAN  1.#QNAN  1.#QNAN
 170000000  1.#QNAN  1.#QNAN  1.#QNAN
 170200000  1.#QNAN  1.#QNAN  1.#QNAN
 170400000  1.#QNAN  1.#QNAN  1.#QNAN
 170600000  1.#QNAN  1.#QNAN  1.#QNAN
 170800000  1.#QNAN  1.#QNAN  1.#QNAN
 171000000  1.#QNAN  1.#QNAN  1.#QNAN
 171200000  1.#QNAN  1.#QNAN  1.#QNAN
 171400000  1.#QNAN  1.#QNAN  1.#QNAN
 171600000  1.#QNAN  1.#QNAN  1.#QNAN
 171800000  1.#QNAN  1.#QNAN  1.#QNAN
 172000000  1.#QNAN  1.#QNAN  1.#QNAN
 172200000  1.#QNAN  1.#QNAN  1.#QNAN
 172400000  1.#QNAN  1.#QNAN  1.#QNAN
 172600000  1.#QNAN  1.#QNAN  1.#QNAN
 172800000  1.#QNAN  1.#QNAN  1.#QNAN
 173000000  1.#QNAN  1.#QNAN  1.#QNAN
 173200000  1.#QNAN  1.#QNAN  1.#QNAN
 173400000  1.#QNAN  1.#QNAN  1.#QNAN
 173600000  1.#QNAN  1.#QNAN  1.#QNAN
 173800000  1.#QNAN  1.#QNAN  1.#QNAN
 174000000  1.#QNAN  1.#QNAN  1.#QNAN
 174200000  1.#QNAN  1.#QNAN  1.#QNAN
 174400000  1.#QNAN  1.#QNAN  1.#QNAN
 174600000  1.#QNAN  1.#QNAN  1.#QNAN
 174800000  1.#QNAN  1.#QNAN  1.#QNAN
 175000000  1.#QNAN  1.#QNAN  1.#QNAN
 175200000  1.#QNAN  1.#QNAN  1.#QNAN
 175400000  1.#QNAN  1.#QNAN  1.#QNAN
 175600000  1.#QNAN  1.#QNAN  1.#QNAN
 175800000  1.#QNAN  1.#QNAN  1.#QNAN
 176000000  1.#QNAN  1.#QNAN  1.#QNAN
 176200000  1.#QNAN  1.#QNAN  1.#QNAN
 176400000  1.#QNAN  1.#QNAN  1.#QNAN
 176600000  1.#QNAN  1.#QNAN  1.#QNAN
 176800000  1.#QNAN  1.#QNAN  1.#QNAN
 177000000  1.#QNAN  1.#QNAN  1.#QNAN
 177200000  1.#QNAN  1.#QNAN  1.#QNAN
 177400000  1.#QNAN  1.#QNAN  1.#QNAN
 177600000  1.#QNAN  1.#QNAN  1.#QNAN
 177800000  1.#QNAN  1.#QNAN  1.#QNAN
 178000000  1.#QNAN  1.#QNAN  1.#QNAN
 178200000  1.#QNAN  1.#QNAN  1.#QNAN
 178400000  1.#QNAN  1.#QNAN  1.#QNAN
 178600000  1.#QNAN  1.#QNAN  1.#QNAN
 178800000  1.#QNAN  1.#QNAN  1.#QNAN
 179000000  1.#QNAN  1.#QNAN  1.#QNAN
 179200000  1.#QNAN  1.#QNAN  1.#QNAN
 179400000  1.#QNAN  1.#QNAN  1.#QNAN
 179600000  1.#QNAN  1.#QNAN  1.#QNAN
 179800000  1.#QNAN  1.#QNAN  1.#QNAN
 180000000  1.#QNAN  1.#QNAN  1.#QNAN
 180200000  1.#QNAN  1.#QNAN  1.#QNAN
 180400000  1.#QNAN  1.#QNAN  1.#QNAN
 180600000  1.#QNAN  1.#QNAN  1.#QNAN
 180800000  1.#QNAN  1.#QNAN  1.#QNAN
 181000000  1.#QNAN  1.#QNAN  1.#QNAN
 181200000  1.#QNAN  1.#QNAN  1.#QNAN
 181400000  1.#QNAN  1.#QNAN  1.#QNAN
 181600000  1.#QNAN  1.#QNAN  1.#QNAN
 181800000  1.#QNAN  1.#QNAN  1.#QNAN
 182000000  1.#QNAN  1.#QNAN  1.#QNAN
 182200000  1.#QNAN  1.#QNAN  1.#QNAN
 182400000  1.#QNAN  1.#QNAN  1.#QNAN
 182600000  1.#QNAN  1.#QNAN  1.#QNAN
 182800000  1.#QNAN  1.#QNAN  1.#QNAN
 183000000  1.#QNAN  1.#QNAN  1.#QNAN
 183200000  1.#QNAN  1.#QNAN  1.#QNAN
 183400000  1.#QNAN  1.#QNAN  1.#QNAN
 183600000  1.#QNAN  1.#QNAN  1.#QNAN
 183800000  1.#QNAN  1.#QNAN  1.#QNAN
 184000000  1.#QNAN  1.#QNAN  1.#QNAN
 184200000  1.#QNAN  1.#QNAN  1.#QNAN
 184400000  1.#QNAN  1.#QNAN  1.#QNAN
 184600000  1.#QNAN  1.#QNAN  1.#QNAN
 184800000  1.#QNAN  1.#QNAN  1.#QNAN
 185000000  1.#QNAN  1.#QNAN  1.#QNAN
 185200000  1.#QNAN  1.#QNAN  1.#QNAN
 185400000  1.#QNAN  1.#QNAN  1.#QNAN
 185600000  1.#QNAN  1.#QNAN  1.#QNAN
 185800000  1.#QNAN  1.#QNAN  1.#QNAN
 186000000  1.#QNAN  1.#QNAN  1.#QNAN
 186200000  1.#QNAN  1.#QNAN  1.#QNAN
 186400000  1.#QNAN  1.#QNAN  1.#QNAN
 186600000  1.#QNAN  1.#QNAN  1.#QNAN
 186800000  1.#QNAN  1.#QNAN  1.#QNAN
 187000000  1.#QNAN  1.#QNAN  1.#QNAN
 187200000  1.#QNAN  1.#QNAN  1.#QNAN
 187400000  1.#QNAN  1.#QNAN  1.#QNAN
 187600000  1.#QNAN  1.#QNAN  1.#QNAN
 187800000  1.#QNAN  1.#QNAN  1.#QNAN
 188000000  1.#QNAN  1.#QNAN  1.#QNAN
 188200000  1.#QNAN  1.#QNAN  1.#QNAN
 188400000  1.#QNAN  1.#QNAN  1.#QNAN
 188600000  1.#QNAN  1.#QNAN  1.#QNAN
 188800000  1.#QNAN  1.#QNAN  1.#QNAN
 189000000  1.#QNAN  1.#QNAN  1.#QNAN
 189200000  1.#QNAN  1.#QNAN  1.#QNAN
 189400000  1.#QNAN  1.#QNAN  1.#QNAN
 189600000  1.#QNAN  1.#QNAN  1.#QNAN
 189800000  1.#QNAN  1.#QNAN  1.#QNAN
 190000000  1.#QNAN  1.#QNAN  1.#QNAN
 190200000  1.#QNAN  1.#QNAN  1.#QNAN
 190400000  1.#QNAN  1.#QNAN  1.#QNAN
 190600000  1.#QNAN  1.#QNAN  1.#QNAN
 190800000  1.#QNAN  1.#QNAN  1.#QNAN
 191000000  1.#QNAN  1.#QNAN  1.#QNAN
 191200000  1.#QNAN  1.#QNAN  1.#QNAN
 191400000  1.#QNAN  1.#QNAN  1.#QNAN
 191600000  1.#QNAN  1.#QNAN  1.#QNAN
 191800000  1.#QNAN  1.#QNAN  1.#QNAN
 192000000  1.#QNAN  1.#QNAN  1.#QNAN
 192200000  1.#QNAN  1.#QNAN  1.#QNAN
 192400000  1.#QNAN  1.#QNAN  1.#QNAN
 192600000  1.#QNAN  1.#QNAN  1.#QNAN
 192800000  1.#QNAN  1.#QNAN  1.#QNAN
 193000000  1.#QNAN  1.#QNAN  1.#QNAN
 193200000  1.#QNAN  1.#QNAN  1.#QNAN
 193400000  1.#QNAN  1.#QNAN  1.#QNAN
 193600000  1.#QNAN  1.#QNAN  1.#QNAN
 193800000  1.#QNAN  1.#QNAN  1.#QNAN
 194000000  1.#QNAN  1.#QNAN  1.#QNAN
 194200000  1.#QNAN  1.#QNAN  1.#QNAN
 194400000  1.#QNAN  1.#QNAN  1.#QNAN
 194600000  1.#QNAN  1.#QNAN  1.#QNAN
 194800000  1.#QNAN  1.#QNAN  1.#QNAN
 195000000  1.#QNAN  1.#QNAN  1.#QNAN
 195200000  1.#QNAN  1.#QNAN  1.#QNAN
 195400000  1.#QNAN  1.#QNAN  1.#QNAN
 195600000  1.#QNAN  1.#QNAN  1.#QNAN
 195800000  1.#QNAN  1.#QNAN  1.#QNAN
 196000000  1.#QNAN  1.#QNAN  1.#QNAN
 196200000  1.#QNAN  1.#QNAN  1.#QNAN
 196400000  1.#QNAN  1.#QNAN  1.#QNAN
 196600000  1.#QNAN  1.#QNAN  1.#QNAN
 196800000  1.#QNAN  1.#QNAN  1.#QNAN
 197000000  1.#QNAN  1.#QNAN  1.#QNAN
 197200000  1.#QNAN  1.#QNAN  1.#QNAN
 197400000  1.#QNAN  1.#QNAN  1.#QNAN
 197600000  1.#QNAN  1.#QNAN  1.#QNAN
 197800000  1.#QNAN  1.#QNAN  1.#QNAN
 198000000  1.#QNAN  1.#QNAN  1.#QNAN
 198200000  1.#QNAN  1.#QNAN  1.#QNAN
 198400000  1.#QNAN  1.#QNAN  1.#QNAN
 198600000  1.#QNAN  1.#QNAN  1.#QNAN
 198800000  1.#QNAN  1.#QNAN  1.#QNAN
 199000000  1.#QNAN  1.#QNAN  1.#QNAN
 199200000  1.#QNAN  1.#QNAN  1.#QNAN
 199400000  1.#QNAN  1.#QNAN  1.#QNAN
 199600000  1.#QNAN  1.#QNAN  1.#QNAN
 199800000  1.#QNAN  1.#QNAN  1.#QNAN
 200000000  1.#QNAN  1.#QNAN  1.#QNAN
