462639 201 7 39.476926421373008 63241.077088070931 1
0 0.01 20000000 4 20
0  7  8  9  
#
# HNBody body-specific file (Bodycentric coordinates).
#
# Line 3 encodes the data type for each column as follows:
#
#  0-Time (= Epoch)  1-x1 2-x2 3-x3   4-v1 5-v2 6-v3
#  7-SemiMajorAxis   8-Eccentricity   9-Inclination
# 10-LongAscendNode 11-ArgPeriapse   12-LongPeriapse
# 13-TimePeriapse   14-PeriDistance  15-MeanAnomaly
# 16-TrueAnomaly    17-MeanLongitude 18-TrueLongitude
# 19-MeanLatitude   20-TrueLatitude  21-Mass
# 22-EncRadius      23-CaptRadius    24-IdTag
# 25-JacIndex
#
 0  19.191263930000009  0.047167709999999877  0.76985999999999988
 200000  19.100430894860128  0.020019698509938368  2.4600569350933665
 400000  19.201518500613659  0.024208342735257914  1.3781357564443797
 600000  19.249086149307491  0.058002853106827235  2.1722814796473902
 800000  19.177550477095597  0.067551713351408124  1.940402433957402
 1000000  19.086726702047624  0.060102039539154391  1.7272966662285352
 1200000  19.222145036987069  0.039168238463561877  2.1279599691810742
 1400000  19.23304215527801  0.014342464874176312  1.1821404885129858
 1600000  19.159187455720669  0.031397396933691944  2.3762672939443314
 1800000  19.098277244334454  0.057575157872422796  0.79947722556468703
 2000000  19.22488341204668  0.069820943894885731  2.6500104464911787
 2200000  19.234497384915006  0.052901827908583325  0.62474604087056385
 2400000  19.143371141835775  0.03167054357654267  2.6435715371689081
 2600000  19.128110826665349  0.010055386441652436  0.93486449805545824
 2800000  19.248444879362758  0.047923496208475379  2.3700738002277504
 3000000  19.228381179827785  0.069803022035250614  1.3507542382766216
 3200000  19.107117025982614  0.062868881821195086  2.0904565721510147
 3400000  19.150876482527664  0.046801521696120008  1.7667620150582464
 3600000  19.231520520989392  0.019848084809015665  1.7590005046361989
 3800000  19.220088691910991  0.018023563615085249  2.2062576271181533
 4000000  19.085392731302441  0.052379681063999615  1.2172729692116293
 4200000  19.167996543336336  0.067838072521661713  2.497381156945242
 4400000  19.223064019180452  0.059999526820968416  0.87439411297072545
 4600000  19.21334225700063  0.038524068347614696  2.6391703153768864
 4800000  19.088368179742947  0.0044012482107717629  0.57970421963698615
 5000000  19.199336925783957  0.036101436634004759  2.5220807265519429
 5200000  19.252697805545623  0.067098496011889303  0.87693353510423833
 5400000  19.176776769497181  0.06823179895802424  2.3682522637441528
 5600000  19.111674597842232  0.053535913694647358  1.2115075205955423
 5800000  19.181898426710333  0.025057836721158331  2.2313666345992695
 6000000  19.272091452965388  0.0092431980790693303  1.8865550830273432
 6200000  19.130176657832852  0.043702747686352489  1.7634380324437642
 6400000  19.133420085694858  0.064052536560781054  2.2935486807941721
 6600000  19.174949765242804  0.066318397994838102  1.1723748725253218
 6800000  19.266045684032196  0.044695643642459454  2.3939211849688888
 7000000  19.122190797109237  0.015999853951517876  0.74593511250116651
 7200000  19.139611657865061  0.02305161556437374  2.5596302738103733
 7400000  19.229651767592021  0.058712446805778327  0.55272931555255811
 7600000  19.248214905771743  0.073561138558087075  2.6151305855121985
 7800000  19.132569062356556  0.060184140258550838  0.88264441477057365
 8000000  19.117031602407575  0.032790904480321591  2.4576861243886969
 8200000  19.261235688673565  0.0095742907865975346  1.3794133136483044
 8400000  19.198509132767754  0.031975167429892724  2.0859742095371243
 8600000  19.132262918971929  0.059840928248683201  1.8868303715278958
 8800000  19.122969927956845  0.069580916879278157  1.7168647719262242
 9000000  19.25639756251374  0.052581931741612277  2.1299522384667964
 9200000  19.193538383370683  0.026112030857665766  1.2418339097188691
 9400000  19.116768945367664  0.0097279233190832558  2.420143434364491
 9600000  19.16076630714301  0.046300070506863487  0.79439842843577335
 9800000  19.278004350910546  0.072995818870104617  2.648407452304602
 10000000  19.184396746867428  0.067801925869107965  0.64150625690138108
 10200000  19.111010071839171  0.043279748793132088  2.6476578766478824
 10400000  19.190128284413635  0.01340753831311213  0.9220957518410039
 10600000  19.251767339205127  0.020922539170004802  2.3146542230806948
 10800000  19.16679560131271  0.05240542783626697  1.3241039618348227
 11000000  19.096447977042256  0.068361585972002883  2.0727584775518357
 11200000  19.209050812087437  0.060266329242864312  1.7516878661466886
 11400000  19.235069887803309  0.035403593533374994  1.8405960472317422
 11600000  19.167409515006671  0.0018135028943459914  2.2807708542213181
 11800000  19.093117376356698  0.034101051611526947  1.2049635012255415
 12000000  19.251337410946231  0.065588647680250481  2.5329781745076012
 12200000  19.225878087784725  0.073623138388329443  0.72297418486190024
 12400000  19.150831839104523  0.05291875996762261  2.5296447748605355
 12600000  19.114430750486935  0.021008415864123515  0.51415682613745184
 12800000  19.24009919820341  0.013299600265844907  2.5531974339499484
 13000000  19.215962947325039  0.042260367816951402  0.91824636081803113
 13200000  19.107825859708676  0.06577715177603316  2.4071597041339681
 13400000  19.146415987511414  0.064869800096924363  1.3296329020025692
 13600000  19.216200326590304  0.044532379793075512  2.2040327505567889
 13800000  19.238237764472185  0.010867593750600335  1.8645866905622681
 14000000  19.080937250044958  0.022669150055165468  1.7158717413189557
 14200000  19.192647668838582  0.055643355348568006  2.2706819976472654
 14400000  19.232797161932023  0.075071898753652555  1.1422807034055875
 14600000  19.221310705517901  0.062489072570780332  2.3973846233356526
 14800000  19.094286694977182  0.031876516077902699  0.75706015328461551
 15000000  19.185256887119241  0.0082694799703193385  2.5603596018867862
 15200000  19.249991241448885  0.032596140815284946  0.58840630844791186
 15400000  19.16344185917233  0.06192259771475566  2.688219427607268
 15600000  19.11436446824889  0.065465511443836749  0.97334603622027904
 15800000  19.163209206717557  0.054208131293259354  2.4285181233103095
 16000000  19.271221610384373  0.019984401214373285  1.3776750578333943
 16200000  19.132940445341774  0.012210987398069358  2.0135019789713811
 16400000  19.131538740055351  0.0465764067789965  1.8116916092612476
 16600000  19.198963777999985  0.0694287046016481  1.7148548483472945
 16800000  19.270155511991515  0.071758860389627782  2.1675937593115755
 17000000  19.12809532203951  0.042962093023936172  1.3377193176970577
 17200000  19.127308525036884  0.0074918043321266321  2.5063263167526513
 17400000  19.225666260558299  0.025589394281105154  0.75726037317605654
 17600000  19.234414261597745  0.055041890313128027  2.5925312052598115
 17800000  19.125323939244673  0.064779359278093862  0.57626851104264309
 18000000  19.119882497161132  0.062610029243592324  2.5919871945347728
 18200000  19.243660741501088  0.02929725654288726  0.85074360238202662
 18400000  19.215468864602748  0.0060388889860236048  2.3511728100993525
 18600000  19.126438402984572  0.039370589046702847  1.3613793607928357
 18800000  19.141810423888444  0.059043544090288204  2.0871647040816899
 19000000  19.277858703587597  0.077447373364879141  1.8082875312154891
 19200000  19.193754356309441  0.053628739849578104  1.8186004605058415
 19400000  19.125419334986727  0.020290295931379741  2.2916322599478325
 19600000  19.152400376563701  0.020668695863831438  1.1995103497541002
 19800000  19.271478569989196  0.045328828876573107  2.520132542063978
 20000000  19.167084216583056  0.063981325473262851  0.63046453839411609
 20200000  19.115060170447546  0.065721024197620825  2.4697613412867794
 20400000  19.175825486966776  0.041007982007357134  0.49743026996693368
 20600000  19.252616811730483  0.011705322706886852  2.5936374852881592
 20800000  19.17278912823582  0.030965306499876187  0.95462987408620881
 21000000  19.09269478913086  0.050247613035369933  2.4557950533930932
 21200000  19.232141991328529  0.075672372915340083  1.4837329773858015
 21400000  19.232284078633505  0.062066444557606945  2.1265788057798556
 21600000  19.172130541136582  0.036113155910710924  1.8117376284703137
 21800000  19.088703398229857  0.014016125157435045  1.6504071606104689
 22000000  19.241382726247497  0.036301212051967423  2.2080514325378391
 22200000  19.21240699447138  0.062424037196925242  1.1800603791976834
 22400000  19.146290842456285  0.063776963182958876  2.4642756214926855
 22600000  19.116749597161949  0.053134238189559979  0.78784292646140353
 22800000  19.232828263205889  0.018870318608436132  2.6051862808252912
 23000000  19.237961852126187  0.021563734511167582  0.59150498437032184
 23200000  19.110112093026689  0.046439207529904721  2.6340038174883369
 23400000  19.159448165224958  0.066931342700879332  0.96141344341790225
 23600000  19.232542359546397  0.068386056660958289  2.3954935762612135
 23800000  19.239487980037996  0.048730493532726148  1.3672702525151579
 24000000  19.088032348119349  0.0058546632971740904  2.0333231722823251
 24200000  19.174570988727684  0.029637194711418031  1.7911803083120956
 24400000  19.225428532939571  0.058630442275180196  1.7014192145551821
 24600000  19.203571996097676  0.061559133384569913  2.2424223534987351
 24800000  19.090908044873551  0.061387196998138903  1.367784412581974
 25000000  19.176036176502873  0.026727844389116261  2.551191151751977
 25200000  19.250837178297814  0.012688492901487413  0.72800180278045901
 25400000  19.177388929396908  0.044162844994607715  2.5534169517715561
 25600000  19.10777421275413  0.057392409304984328  0.51602806727202166
 25800000  19.185973322580747  0.071251322912162809  2.5035996168670711
 26000000  19.273162405297658  0.056556548810688292  0.78843793315131949
 26200000  19.140803088477977  0.019728403979064776  2.4448150865690832
 26400000  19.126834817515142  0.023386553564694847  1.4398564588048941
 26600000  19.196497519636143  0.051756886804295799  2.1121691418453357
 26800000  19.260987316022259  0.061738732304987491  1.8862363179312296
 27000000  19.121558091878601  0.06373168786011324  1.6985559132655121
 27200000  19.131594034101806  0.03816978947740108  2.2261285803658475
 27400000  19.211824532854695  0.011603162413475308  1.1945588902931288
 27600000  19.25607377012776  0.039119594753202758  2.4804023596816065
 27800000  19.114519254567526  0.052592090435860203  0.6467222106248961
 28000000  19.137283384389235  0.06965359535320173  2.5323975457618104
 28200000  19.254386810288775  0.061031497357230478  0.54466310627504844
 28400000  19.214624552409273  0.037325868834297116  2.5944553926976788
 28600000  19.12662069558024  0.013167075558309963  0.95642868872397091
 28800000  19.130982980067515  0.043266658634747032  2.4359535695120851
 29000000  19.270693931746273  0.063322061257480244  1.5557834887105431
 29200000  19.18073305796689  0.062836202354412438  2.0542415244293371
 29400000  19.129818436173515  0.049704655110327095  1.7751934201696371
 29600000  19.142564262410367  0.017390819209922151  1.6302508273364456
 29800000  19.278437137547154  0.029127919304099515  2.1660424923816795
 30000000  19.16854131550933  0.050987226181762664  1.234041879698609
 30200000  19.112165432398626  0.064757505609948904  2.5389107651329867
 30400000  19.185573116981573  0.063258667271347269  0.81229265872353862
 30600000  19.258347532422384  0.048963595344719044  2.6586382776217725
 30800000  19.17624001966028  0.0064427213904062561  0.58210954351166921
 31000000  19.092851424766511  0.034348857613203838  2.5324242832515798
 31200000  19.216670704638176  0.061160937840636989  0.90748218692031724
 31400000  19.228174301897401  0.062282620235451329  2.360612167229049
 31600000  19.17783208959537  0.056542633653640616  1.3510646098491312
 31800000  19.092022553022328  0.026555718483342653  2.1260268436063612
 32000000  19.243126410360691  0.0176227755004476  1.8594626823296549
 32200000  19.224350935626195  0.048786097982694454  1.6588139065364866
 32400000  19.148551299086005  0.061253294859732972  2.2939865176921379
 32600000  19.110254247519002  0.06427420222005556  1.2882419086441284
 32800000  19.24026815959316  0.053496284599186067  2.5092635182542953
 33000000  19.232979645420169  0.022019395451766791  0.7171182931133806
 33200000  19.108355966677248  0.023833033612200676  2.5494368127145433
 33400000  19.144656093916851  0.055176798918141826  0.51204163629368249
 33600000  19.217873246039193  0.064632822141636584  2.4974963878990466
 33800000  19.227300683621685  0.059096111563793845  0.80988604426201471
 34000000  19.090135010015697  0.036832381132223257  2.5028930354695351
 34200000  19.171978319231975  0.010782149294600816  1.472886315981792
 34400000  19.237839700721306  0.041636510399624266  2.1198813748066829
 34600000  19.217054056508594  0.060415476285018567  1.9606478725532528
 34800000  19.083566449934683  0.064163493006427055  1.5783478386814795
 35000000  19.181731644852064  0.05536096994462511  2.1492298990778909
 35200000  19.255923885846055  0.035391696318742449  1.2054564509074974
 35400000  19.17559490079682  0.010616107719977785  2.4511045817470256
 35600000  19.108413398798703  0.046666158175692432  0.72881119553558704
 35800000  19.181194502811277  0.066181520935954724  2.6481556260933155
 36000000  19.260763477270348  0.060680145118607677  0.62728261417182418
 36200000  19.142545778582424  0.04550159722541499  2.5768139669487686
 36400000  19.123842086096513  0.013795140299357604  0.93777158588138265
 36600000  19.199000302548221  0.03009061163473559  2.3605778989677204
 36800000  19.272605954355313  0.059764803102323849  1.4962738624233951
 37000000  19.119623256867062  0.064573326608981324  2.0404900612049715
 37200000  19.127216387470177  0.057838704655617156  1.8060138303372169
 37400000  19.215452297193686  0.041941250751679787  1.6768274427826801
 37600000  19.245951243540006  0.0076280288015519084  2.1936484889852768
 37800000  19.116133879661589  0.037099082025389835  1.2231353119881754
 38000000  19.134732639852228  0.063499212749703215  2.5552145650323559
 38200000  19.238726075879097  0.064960422360339068  0.77772920237833953
 38400000  19.215203090921037  0.051993582673655947  2.6618351225907682
 38600000  19.125285114276416  0.023654312106244635  0.55486200481921655
 38800000  19.136169495622347  0.017886454922874603  2.4706699559000316
 39000000  19.279564475023232  0.054983465906004073  0.87981118718298723
 39200000  19.189565429644681  0.065945241666778578  2.3549989851039288
 39400000  19.127551000081517  0.062266365428002277  1.3530607145514095
 39600000  19.140064279070241  0.044905522398066965  2.2004687323893792
 39800000  19.278856748505923  0.020976228374151983  1.9474433519734569
 40000000  19.164900902444625  0.024889878895537912  1.6336886355646707
 40200000  19.117823886060975  0.056305031484819593  2.3150204661241092
 40400000  19.172089091024809  0.068418617969855766  1.1269332431360983
 40600000  19.253450653098188  0.056986110419397371  2.4245649713847994
 40800000  19.176753875785767  0.033237197698522673  0.73538585858804817
 41000000  19.094968491710787  0.0094230694330802219  2.5875486405509123
 41200000  19.226432636451609  0.04350285765542377  0.57510303021969822
 41400000  19.23951815477859  0.066679591802369834  2.5483966551501323
 41600000  19.176441748749117  0.066348293759798158  0.92562279598231301
 41800000  19.080313359476303  0.048551955719309661  2.472609903421398
 42000000  19.239391525666647  0.028872884151866382  1.4360098446226743
 42200000  19.216744074542849  0.011678062966615161  2.0821503904006367
 42400000  19.141039039934828  0.047142857395055103  1.9521828460132586
 42600000  19.106831401633873  0.067689515626093807  1.5637419392674599
 42800000  19.228069788946652  0.062597360759803461  2.1493809487827833
 43000000  19.229672001970251  0.041057232426726709  1.2122848723649664
 43200000  19.114594009941577  0.011532421034869724  2.4576644049754659
 43400000  19.1520188092666  0.029911618269508992  0.77694420836616851
 43600000  19.246997980131429  0.063574815084452591  2.7230859514183279
 43800000  19.242953347147211  0.069792110160462439  0.66896947827312248
 44000000  19.092925397206592  0.054866801982866552  2.5522251048222908
 44200000  19.17039849321937  0.033551386118439053  0.91950591590767738
 44400000  19.238133852475322  0.0066602742517437386  2.291541351684518
 44600000  19.201784834668125  0.037412248499079412  1.4093526205932179
 44800000  19.087528236723763  0.062860511136754241  2.051653570523913
 45000000  19.176593267791969  0.068203070557833909  1.8724061854157885
 45200000  19.236514907150688  0.048058541696660059  1.7554023695608298
 45400000  19.18029153140872  0.020843117959088334  2.2690058590689723
 45600000  19.097183488928632  0.017829844182359295  1.1507312191934098
 45800000  19.206151902799643  0.054047551884557656  2.5117705280912093
 46000000  19.271646158955765  0.072714102743932751  0.69037639619776159
 46200000  19.153949842153327  0.061945950867148471  2.6074437893096221
 46400000  19.119715200034946  0.039133555343665201  0.52537456799821602
 46600000  19.195075573362796  0.01278978924888838  2.5042415909342157
 46800000  19.261374451130173  0.026314492434283073  0.92616043909854728
 47000000  19.115141566727825  0.055863408281614083  2.3752193617230848
 47200000  19.139370011129053  0.070519072993383378  1.420489485964229
 47400000  19.199378631997675  0.056080334801682744  2.1665658493789439
 47600000  19.252727729365056  0.03029830160034926  1.9693347922160194
 47800000  19.109650778502466  0.0080725335303013859  1.6224940640724648
 48000000  19.147304437717686  0.040525744202077302  2.3013558819543491
 48200000  19.257550447218801  0.073141875832562028  1.0209171423679291
 48400000  19.23277456573194  0.067760755111920187  2.3852920322094442
 48600000  19.137304695291121  0.049199955491210617  0.76584523041156427
 48800000  19.127799032237107  0.01763710181955408  2.6312171056775662
 49000000  19.274437452768037  0.014135801931453234  0.65339880743799017
 49200000  19.169872938765277  0.048399279281524439  2.6120359968646825
 49400000  19.132384119491491  0.067345964616675552  1.0520607518088438
 49600000  19.132589654427967  0.064842161906956422  2.3850221444208248
 49800000  19.272612072022635  0.039142910508238107  1.3840585943265911
 50000000  19.167147607805678  0.0065047285171322194  2.0370076685267957
 50200000  19.112025880650624  0.02764227680576491  1.899205927726872
 50400000  19.185088282600148  0.064981268439406714  1.6190891592847354
 50600000  19.267476317338353  0.071751708582984061  2.2317774996200384
 50800000  19.196861841410286  0.060233137197654427  1.2021977440667944
 51000000  19.090031700249252  0.023797814137023841  2.5036756042909576
 51200000  19.223273389014281  0.0066671547166265756  0.74459025802293632
 51400000  19.224766627576539  0.040505365010187346  2.6706758937636965
 51600000  19.160444720143264  0.059564269932393041  0.6359855486178283
 51800000  19.091038562799316  0.070766667085983365  2.5311538744972562
 52000000  19.226436485640399  0.046612404503337666  0.90834233151307564
 52200000  19.22850853108001  0.017460164402442229  2.2971567344080435
 52400000  19.140122124438133  0.019319229133956287  1.3772715223983605
 52600000  19.112450802332699  0.050784686011520731  2.0651842711160726
 52800000  19.254547534903868  0.074050143077162095  1.9533325772214258
 53000000  19.244171816922353  0.066945747441465073  1.7673224004504398
 53200000  19.127936737737752  0.035125096009030479  2.3168546289922536
 53400000  19.14136220817549  0.0072182766775729873  1.1027753328743228
 53600000  19.241575120760707  0.031073918949953462  2.4603333190375309
 53800000  19.210609558401224  0.05239373486154765  0.59562087500062011
 54000000  19.091539305857612  0.071726456844413269  2.5272174642290772
 54200000  19.160835162013043  0.054128463118364382  0.539007210599314
 54400000  19.226205793498227  0.02974843937075336  2.6050620215531337
 54600000  19.209832583933405  0.012677766503959235  1.0117436708137562
 54800000  19.075357287855795  0.037019082534169807  2.3860429544211263
 55000000  19.198475979636168  0.071709450387670209  1.4973432302940062
 55200000  19.250526099569623  0.069384054873955575  2.0505074057638617
 55400000  19.203208695984181  0.050367752893203117  1.9095896068640021
 55600000  19.101221089569712  0.011507321081067289  1.6271953624614388
 55800000  19.206644094680417  0.020614911556126402  2.2682768452282582
 56000000  19.252461540045381  0.04838390763218902  1.0369337309181665
 56200000  19.141989850684713  0.066851225762431105  2.4662290239942979
 56400000  19.12579167158335  0.06169028835229054  0.75425131762389541
 56600000  19.182379258646147  0.03995151248718435  2.6281892281601111
 56800000  19.271444988487097  0.0042519414683174425  0.65842187683152142
 57000000  19.111423942438726  0.027917500719210064  2.619713896500441
 57200000  19.13981567886907  0.06364708237618058  1.1202397390841989
 57400000  19.21098636548717  0.07076250819408901  2.3015815325079174
 57600000  19.268842532162921  0.063781945361162273  1.3637049994856851
 57800000  19.120438315313663  0.020402069781164052  2.0207725632093996
 58000000  19.140864507407123  0.011674424991533566  1.8527092245979244
 58200000  19.243980616304093  0.044400040949458187  1.6770160676553456
 58400000  19.208823618254414  0.05913856727530796  2.3337738407040773
 58600000  19.129511795007812  0.068368418921954832  1.1978952743049529
 58800000  19.125179554463426  0.047502267324556049  2.5520349473798567
 59000000  19.267841210774957  0.012989219508177292  0.65958324419460213
 59200000  19.187814689315562  0.022853729117380265  2.5653638436874973
 59400000  19.118141289393581  0.051663115602718954  0.55226902269751832
 59600000  19.142752795747931  0.06908723768509821  2.5344642848428491
 59800000  19.283279205113491  0.070578682492503139  0.91665971532059121
 60000000  19.183700878918007  0.035055339783392314  2.3746190688157851
 60200000  19.116707693424619  0.0060463550734352915  1.443219088032905
 60400000  19.182522013947903  0.037869683043317864  2.0412004922364999
 60600000  19.259061127084699  0.052775278158154276  1.9961741430521291
 60800000  19.16291814667515  0.069273717561286391  1.6792959629566497
 61000000  19.103745524868618  0.053052851828870248  2.2868411750158675
 61200000  19.206305540271455  0.027622773905837679  1.1097915823440552
 61400000  19.248951253268643  0.016801524204177336  2.4533919500033519
 61600000  19.15758536001637  0.041447401766445013  0.59495322334808798
 61800000  19.085860782692212  0.064559898540801769  2.5221922738040372
 62000000  19.238692209143878  0.071020201548855799  0.57332962423112466
 62200000  19.229971955136321  0.050427375322064663  2.6620177801297125
 62400000  19.153075735105521  0.011938696498502962  1.056187595873572
 62600000  19.104748369206831  0.029394619904146886  2.3855864280625623
 62800000  19.25184893658404  0.050107811238883387  1.5713111138486633
 63000000  19.205489183310309  0.065287339485046808  1.9318784398434681
 63200000  19.123911085100453  0.058488531689338381  1.8351366438086083
 63400000  19.132940470426703  0.038717404474461738  1.637395814753916
 63600000  19.243744903987473  0.0078652887146235303  2.250373568681419
 63800000  19.224784857476713  0.035468176633657235  1.1188050599777819
 64000000  19.084717486475935  0.059122053344473284  2.5761581123796962
 64200000  19.171263414422786  0.068634353785481383  0.72115801736864116
 64400000  19.230821470261073  0.061183845013382192  2.6084065243689358
 64600000  19.22344729675298  0.024279615386353863  0.60710595014054203
 64800000  19.082283830883767  0.01832272869413766  2.5488496453706762
 65000000  19.20228736466855  0.047686818566547037  1.0595665046692604
 65200000  19.235745376598949  0.061592182701715972  2.2910872327652498
 65400000  19.18483233282668  0.062770382995098351  1.4264902489933038
 65600000  19.100573512634632  0.045403932424585146  2.0586876659095199
 65800000  19.19171394076492  0.012388392119502991  1.8711741830493263
 66000000  19.265034427627818  0.029961516090018347  1.6640308159863335
 66200000  19.145305076324529  0.053238124627610808  2.3758961885330239
 66400000  19.117764913982569  0.065994916651163971  1.1386086734276306
 66600000  19.185628583997442  0.065802222701389024  2.5573673024744612
 66800000  19.271557117602296  0.03862644519723489  0.61000890484104175
 67000000  19.117140575284559  0.0085124343853700615  2.5126002847157207
 67200000  19.139813824519614  0.042012376965597932  0.51077989481872788
 67400000  19.213990041874919  0.059726744386532034  2.5433086184480387
 67600000  19.248338212000405  0.064180573180618691  0.9543553111172759
 67800000  19.115821765415731  0.051715903734416681  2.4592124509358873
 68000000  19.140052335146319  0.025257357515229926  1.5438649570813008
 68200000  19.244606853097785  0.020664032729615041  2.0101817088262286
 68400000  19.231327383025064  0.048411556501981576  1.9948458046241835
 68600000  19.122642777934214  0.063937936006777912  1.5399029897631218
 68800000  19.12716627667233  0.06589610344246831  2.2268062566330888
 69000000  19.272237469349989  0.051437832916731374  1.163731811337207
 69200000  19.188652667472162  0.012971835323444484  2.4910305640007087
 69400000  19.11959751484984  0.03101343033983216  0.65631474625402908
 69600000  19.150618936821047  0.057487175243463681  2.5844200764443301
 69800000  19.273599552766424  0.063697064954327615  0.63278442615130825
 70000000  19.169079076232027  0.057435151815078633  2.6157251302700679
 70200000  19.12194784418454  0.034642406088576216  1.012341244326552
 70400000  19.17153562612674  0.0094362242604483886  2.3524969101739206
 70600000  19.275450590091477  0.043213261963173488  1.5708460734297465
 70800000  19.165031453162932  0.060502904537575411  1.9168384760880715
 71000000  19.094736288779092  0.064330003617408732  1.8276584864337386
 71200000  19.210602555575139  0.058207221869071665  1.6359624241922128
 71400000  19.241192926919201  0.026202458233248956  2.2610875807469131
 71600000  19.156236095397478  0.018642606953538976  1.179318929407688
 71800000  19.091761513619019  0.052547244436968642  2.6486375693030904
 72000000  19.23703094125062  0.064226234751873321  0.67291098441279962
 72200000  19.217619853065202  0.060480932240360115  2.5843916903778932
 72400000  19.152751298554449  0.04109657867423492  0.55551129538005695
 72600000  19.105352093942024  0.011436666364960721  2.4709040403960567
 72800000  19.260864997982843  0.035445379747346351  0.97779403323634895
 73000000  19.226565606717784  0.057422803884619775  2.3264082764580363
 73200000  19.125055577002112  0.06489448880690496  1.5266797312638807
 73400000  19.132600870763959  0.059432581018149189  2.1172605119439956
 73600000  19.244483157480268  0.038099476912132113  1.9449537847547778
 73800000  19.218887908767709  0.01128401067178963  1.5793281481540937
 74000000  19.095885720221396  0.042811221090922717  2.3396347388630772
 74200000  19.168361348546494  0.064889343085979989  1.0617739335384151
 74400000  19.229434328560497  0.062883161396018628  2.5153640099809826
 74600000  19.213126928929189  0.048328891959805477  0.62543360685760241
 74800000  19.080837437212285  0.021241463039236245  2.555868195488384
 75000000  19.196513875767955  0.023392589410574434  0.55715394846539545
 75200000  19.244956812097364  0.054231733086470682  2.5573512316585725
 75400000  19.199590233916446  0.065601451223998741  1.0195164276059683
 75600000  19.087477076986083  0.060409062729737013  2.4380364804470958
 75800000  19.193038278758614  0.045968932852353268  1.570507371341292
 76000000  19.256016583073929  0.015010447459068982  1.9948839324886702
 76200000  19.151099038271127  0.030115433095522507  1.9812472446166212
 76400000  19.120962117006336  0.062454951487575093  1.4466096814592111
 76600000  19.195504924467564  0.065903554461779965  2.2001043532982041
 76800000  19.265993047788598  0.055144506511045889  1.2095275367812284
 77000000  19.12157729010983  0.028697808631962494  2.5330125545764903
 77200000  19.138785500224969  0.01016655339785842  0.73003992194181022
 77400000  19.219907082131005  0.048793227222966508  2.6591677109888665
 77600000  19.268986235693269  0.064420362509781656  0.69094146936988243
 77800000  19.117103661732262  0.064208768991856499  2.5270809137560559
 78000000  19.134593897133488  0.049796749449581963  0.94869948466416198
 78200000  19.237168230939087  0.024965048987801358  2.3172106749964994
 78400000  19.223962468333411  0.019423737962408292  1.5114740207589781
 78600000  19.108665559637796  0.053570107712829801  1.9869700090046118
 78800000  19.143539631415983  0.068061096195686177  1.9261903059756045
 79000000  19.262013386881303  0.060442686008846606  1.6090331412193617
 79200000  19.188638550438519  0.037228279114222128  2.2978933323848669
 79400000  19.1210381571262  0.0076121848405704771  1.1438925383375269
 79600000  19.152092782659739  0.038491703847728875  2.5996862738840507
 79800000  19.285192835499569  0.061586110376315659  0.62338376997572753
 80000000  19.179407597263076  0.067761670436926727  2.5699844911097247
 80200000  19.116767701072238  0.052510172825032154  0.53939263149146965
 80400000  19.166539518364001  0.033842887785499043  2.457770368105487
 80600000  19.271157745849326  0.013494431996341674  0.95559937856419286
 80800000  19.145670128966145  0.040929949240936091  2.3574623480359658
 81000000  19.109022943785938  0.067791504546787451  1.6110831249525348
 81200000  19.199501218326112  0.064234525491734487  2.1107369774593678
 81400000  19.244763059990756  0.046463506598049799  2.0073555631751678
 81600000  19.158071933520826  0.014808845094856202  1.512031323998317
 81800000  19.098582969725843  0.024067638037233982  2.2803590163171039
 82000000  19.246667041968241  0.058221662493289417  0.99132381239424616
 82200000  19.233464348039423  0.068145104316129981  2.461182094569152
 82400000  19.163492064460858  0.05853908828165745  0.68455779289973318
 82600000  19.090675998989489  0.038311601196934331  2.6539964644680336
 82800000  19.25945059526364  0.013275570103504318  0.65030636269531439
 83000000  19.203706446917057  0.029906487634692225  2.5586478980562863
 83200000  19.123911970104736  0.062816992133205976  1.0854882128582779
 83400000  19.123922705917824  0.067292293396474537  2.342752976990214
 83600000  19.236079665665383  0.05540227116999627  1.511416285271606
 83800000  19.217776984124765  0.022170716904934933  1.9963233985271676
 84000000  19.093518585654664  0.0099550690408928728  1.9574938512094808
 84200000  19.174655725424188  0.05202287937832957  1.4723573772231093
 84400000  19.244728452821008  0.066071137917207159  2.2847334925650076
 84600000  19.233377088176532  0.066707756770650134  1.1697932788554977
 84800000  19.077924755856134  0.041393452361790831  2.5455580045650437
 85000000  19.196620212973404  0.019649229656768741  0.73767567526031119
 85200000  19.239475760374617  0.022328682461908923  2.6796608890311262
 85400000  19.184471462346369  0.051987926870439335  0.71363744720919309
 85600000  19.094109272006261  0.069734562799730448  2.4480870971777855
 85800000  19.190198769235561  0.061725658942689603  0.92700571530819076
 86000000  19.253820958467184  0.032728085431091021  2.3113488328958605
 86200000  19.150597687162236  0.0044383155936698476  1.463795176431103
 86400000  19.11603558429125  0.040570809209737074  2.0597860572599851
 86600000  19.209530580429238  0.062603504174300384  2.0438362189395129
 86800000  19.279798019615733  0.072730687359088247  1.5930271436936154
 87000000  19.132451147217598  0.04760765637524355  2.3410785837169232
 87200000  19.125521958109857  0.027715086521112004  1.0486401713045155
 87400000  19.217262965592283  0.015780765780130723  2.4851763145413677
 87600000  19.242133312502254  0.040165560752867049  0.56811137795718403
 87800000  19.107550971803157  0.069428722776661234  2.5945065828153311
 88000000  19.140568304065603  0.06443720190604077  0.59432350856156713
 88200000  19.225362087746692  0.045932377477784343  2.5277238298200926
 88400000  19.230882338910256  0.010380814466225885  1.0213192038463261
 88600000  19.100909434127722  0.02509126492150706  2.3414090482648056
 88800000  19.150518902904452  0.058096333138445838  1.6311088877038922
 89000000  19.272862376285939  0.073225069598156584  2.009215662426012
 89200000  19.212721079171128  0.057461843415441978  2.0051523952158909
 89400000  19.125271827034631  0.034705719380301307  1.5229068547929028
 89600000  19.153521780752197  0.0079979911366621428  2.2613380836319865
 89800000  19.275579008859207  0.030927708774434987  0.98402117145773393
 90000000  19.153792783661164  0.063456562791979393  2.4685100041742216
 90200000  19.121611673974801  0.065261942528182987  0.70376550573974095
 90400000  19.158341260151982  0.057751598256944786  2.7176069312082238
 90600000  19.275104892698508  0.018356878004315409  0.70529959683754317
 90800000  19.144825617465504  0.010848294711782744  2.5540017683481806
 91000000  19.108260334961159  0.050829970485404066  1.1458838624200482
 91200000  19.205922357554577  0.068802288243627732  2.2278824549919061
 91400000  19.26077050766855  0.067321991103617404  1.4526261260151505
 91600000  19.176975156529714  0.041064098917742077  2.0069517770044167
 91800000  19.09392974795211  0.0096759705608375369  1.9602786974024049
 92000000  19.246560910883801  0.02473054179189297  1.5574207075857525
 92200000  19.21212007985941  0.053730294250150135  2.3997588121452362
 92400000  19.144067827777636  0.06627765673216747  1.066718612374246
 92600000  19.093851709754492  0.063739631589605855  2.5386365903048587
 92800000  19.247708704124957  0.029592559043961825  0.65373114573331448
 93000000  19.210889836774772  0.0025278202982818286  2.6125222455315185
 93200000  19.121858711149564  0.040161708166507777  0.66085217210750957
 93400000  19.126039726413822  0.062894531903606485  2.4660076452193493
 93600000  19.25398956305127  0.073915373696745168  1.0037074225981244
 93800000  19.23991066339622  0.048985543424193784  2.3458082331739183
 94000000  19.104992649394418  0.02055950389111651  1.480966362747115
 94200000  19.175038123708571  0.019079196492537944  2.0535965799598261
 94400000  19.249808742288725  0.04401644070856086  2.0991022942124093
 94600000  19.202753490822584  0.06563723467604031  1.5351131793363955
 94800000  19.086200094338924  0.064975520399201542  2.3417618992884317
 95000000  19.180111266787765  0.043471119999155095  0.98421002240633104
 95200000  19.239117243490149  0.0078801827082142523  2.4313102362358885
 95400000  19.185961286232018  0.028217044656577584  0.56122126760397573
 95600000  19.080772573081546  0.056518651566141435  2.6154852518695879
 95800000  19.204936384146876  0.073985721655378964  0.66768405565967992
 96000000  19.256522657100824  0.058487284070010866  2.612915262150628
 96200000  19.173421856746451  0.031743475441628297  1.1190455113886026
 96400000  19.105091511601195  0.010315415581225867  2.2966204401078256
 96600000  19.228168367127044  0.036797816183573827  1.6070917627842236
 96800000  19.250069866063516  0.061813294218317522  1.8887329757235034
 97000000  19.126539148711107  0.065136816533893055  1.957427503271689
 97200000  19.135023654248165  0.054709816370523127  1.5770972995584205
 97400000  19.204702735247533  0.017789438758046894  2.2883369258774406
 97600000  19.259940257515474  0.016636053633583604  1.025194119299351
 97800000  19.096227280924474  0.048879296682843625  2.5351135547843846
 98000000  19.146352705589027  0.069367885936518922  0.6652990412035733
 98200000  19.231647794528737  0.067871147930837983  2.6633711905046891
 98400000  19.250707521557008  0.042178055877132407  0.67572750722429387
 98600000  19.106506979736608  0.0049506515453496261  2.5322299481923869
 98800000  19.162714324463472  0.030497759225922173  1.1491765869872668
 99000000  19.25679036172092  0.055481209444953883  2.200832700223033
 99200000  19.190631321216344  0.065030456311381879  1.4579152084100191
 99400000  19.124973740530105  0.060545204526599727  2.0088015293143533
 99600000  19.140431988243016  0.03023576595638422  1.9811471830962002
 99800000  19.281402429881179  0.0071317414014058968  1.6061560415234155
 100000000  19.154858920161846  0.039622298110169429  2.4653410443552719
 100200000  19.113731525567655  0.062874512819367914  0.958120658783014
 100400000  19.155637195418493  0.071890240046589143  2.5278636193569128
 100600000  19.279391154815499  0.051735678737526637  0.56177731145549359
 100800000  19.162619388400241  0.017705676009060201  2.5289874513026627
 101000000  19.113081918971062  0.022424885488387083  0.6046770929198374
 101200000  19.21091292493713  0.049670887041983088  2.5259578246714152
 101400000  19.24580427612776  0.063373164483732633  1.1407155062170242
 101600000  19.155456835313345  0.062860742996349472  2.3819393036964596
 101800000  19.095074052847526  0.041483737208948081  1.5578576534507731
 102000000  19.237999980293672  0.0063601964998686025  1.9689905209701957
 102200000  19.231799002959644  0.031160718266088967  2.0644597863293295
 102400000  19.139648954434836  0.056261302237133277  1.4790701572145275
 102600000  19.092065873546506  0.070123034237988685  2.3166519246418504
 102800000  19.248158205190027  0.060818217753126416  1.0030832622242947
 103000000  19.223958511823284  0.029958801885685834  2.4789759537767075
 103200000  19.130981634108345  0.011669815215235909  0.59549088249691562
 103400000  19.133412024993284  0.045484001660862736  2.6300672829517859
 103600000  19.263015410806634  0.059987757102484197  0.6985784195610184
 103800000  19.207195788357286  0.064839371000902132  2.6142953448210724
 104000000  19.103298347575443  0.049355863841289975  1.1494713904217566
 104200000  19.159017070692567  0.017213166859458014  2.2692038241933012
 104400000  19.252147497052754  0.022962907761851212  1.5868321603674813
 104600000  19.205945839112349  0.049784519609711843  1.8148150099272511
 104800000  19.076707555934377  0.066544936542840605  1.9385918302772387
 105000000  19.178468865391448  0.06639760958147628  1.62823799819321
 105200000  19.236664716483133  0.040851168520538599  2.3427042872275048
 105400000  19.197988557035369  0.0062438762891500335  1.0797539910117391
 105600000  19.083519702676195  0.038355296925968896  2.6108548758870405
 105800000  19.225674167400591  0.056925705158135338  0.60643184321408694
 106000000  19.247167351579748  0.066464350270934294  2.559683090739088
 106200000  19.164714478394473  0.053715624364546022  0.59769978537889268
 106400000  19.110866678190526  0.028669311441445536  2.4962634222001707
 106600000  19.217332760344089  0.016210987850514651  1.100103133616624
 106800000  19.263993954836156  0.042541760729389255  2.2649769136826916
 107000000  19.126060192888612  0.063199187113140654  1.5909546680612587
 107200000  19.126579152574763  0.066641361591224066  1.9708206541234745
 107400000  19.204125423137945  0.05185223837049676  2.0227086076044793
 107600000  19.257287441302317  0.018158687177170452  1.5502816527479493
 107800000  19.096225652224252  0.026232682383680123  2.4320703082777793
 108000000  19.153027014250796  0.054573366952349871  0.89909617083762228
 108200000  19.234210474577399  0.065901364731045978  2.5286843179658707
 108400000  19.232569106312276  0.058233750433271135  0.53376243055939909
 108600000  19.108314980050498  0.03812871292191166  2.5193203458616322
 108800000  19.157700439897646  0.010624116744309896  0.61608338881060953
 109000000  19.258052769176409  0.034725764065766863  2.5586718103192547
 109200000  19.19958384653577  0.059256061589685008  1.2407462672841281
 109400000  19.113218009366999  0.06482999367601977  2.3568278862944032
 109600000  19.142485324033863  0.060030937056238222  1.6634664450232308
 109800000  19.276510147134591  0.02877414952665561  1.8755511694852423
 110000000  19.161288360973519  0.01234224023199383  2.0111668731851511
 110200000  19.116198092080722  0.050056859425367847  1.4035667352149708
 110400000  19.176167052214524  0.06313275911468956  2.312112834661161
 110600000  19.27357549313648  0.063605050955403281  1.0376884250772842
 110800000  19.148469289667176  0.044160212506183683  2.5928427168178372
 111000000  19.120560948185144  0.013743575230077538  0.62810136342572631
 111200000  19.203175673725472  0.028680738836065447  2.6282959739193359
 111400000  19.264959568298337  0.054079775158838578  0.73531145251897945
 111600000  19.145855171503285  0.063829609845711302  2.5181254946301461
 111800000  19.093686064541195  0.061925085047953195  1.1190437503470263
 112000000  19.236148479057018  0.038677952863157332  2.2521039834031451
 112200000  19.226456660807951  0.0068246367774688118  1.6092700950943897
 112400000  19.130456605071998  0.041344861857283546  1.8290229021241957
 112600000  19.112585454076974  0.061131637395766235  2.0346069165360436
 112800000  19.260073331325451  0.067392181688494493  1.5420376325603653
 113000000  19.202101273841709  0.048842186490755501  2.3945741321341885
 113200000  19.131182460161032  0.023721675258141964  1.0501806818920874
 113400000  19.128289510019737  0.022795455449834107  2.6318342526279763
 113600000  19.276939276289863  0.047356104566758539  0.55656975920375351
 113800000  19.206110640759789  0.065079483864051893  2.4864549957082946
 114000000  19.103496364753092  0.060593868417493507  0.5952873445035094
 114200000  19.159034049685896  0.048152808085806374  2.4763587520307584
 114400000  19.253902978144129  0.015970605468848157  1.1055244519079854
 114600000  19.192182192235027  0.02828226122184201  2.3174069302543856
 114800000  19.091504098854973  0.058449906134596732  1.7543861554742128
 115000000  19.204447914332089  0.068144018824628338  1.9077375597732453
 115200000  19.239407928670214  0.05593680218568603  2.0793740069748896
 115400000  19.190075034208448  0.033108145209510623  1.4006216229096722
 115600000  19.084828009968692  0.013504911918908196  2.3435930124741029
 115800000  19.229350505425391  0.040433377851054143  0.86733584752517734
 116000000  19.249038608431139  0.065004649535484321  2.5696960378035283
 116200000  19.168314939092781  0.060949054770233171  0.56965430502991743
 116400000  19.099779907510708  0.054793632011295321  2.5867625192889059
 116600000  19.220417815898077  0.023954799943870429  0.70484259226188162
 116800000  19.240571868184837  0.015185150383334062  2.5462759718973027
 117000000  19.119833431568587  0.053285124090208358  1.4047159302191237
 117200000  19.127279108677861  0.068045213061145554  2.1250241159647438
 117400000  19.205207537328086  0.075285924971913623  2.1513374958730953
 117600000  19.282055494613246  0.056225519129886985  1.418440582078808
 117800000  19.22248022575944  0.083147871760139533  4.8800189189728274
 118000000  19.242167738812562  0.082974668793537862  8.173746885862526
 118200000  19.236172713571246  0.15141693378562174  49.580048219469624
 118400000  19.203683159923528  0.28431550431877362  68.702387442998742
 118600000  18.844273739745745  0.33125987348115071  24.150596154590357
 118800000  18.881930611480136  0.21733420072827514  38.48546811779002
 119000000  18.882741242290123  0.31813846726450379  33.047228420595729
 119200000  18.755911350261645  0.36329232595842348  69.670641354923006
 119400000  18.937095830434352  0.38898979696223052  71.859889193705612
 119600000  18.844815428982926  0.32611800789777351  47.180436895800568
 119800000  18.857918922921705  0.32558806422732928  20.5878801186985
 120000000  18.742183146950556  0.24107402594345156  31.271696086279558
 120200000  18.729494286055257  0.32154202116385067  27.480320561546872
 120400000  18.846224026634669  0.2619718798277908  48.393757424081137
 120600000  18.915300991875934  0.16603919287727908  60.794223495299462
 120800000  18.804490458260467  0.22476880228084981  65.885612218447193
 121000000  18.912286399393299  0.10392716065699101  58.979486150677481
 121200000  18.795354843512676  0.095472462961211313  40.709447019916574
 121400000  18.823866625641063  0.25601050763062344  5.2022361886033197
 121600000  18.927241740267267  0.30376636742736696  43.368196606077099
 121800000  18.813183770517647  0.37713750066227392  66.385749131556352
 122000000  18.824777469347659  0.49709351599362067  65.23367635375395
 122200000  18.888270453941058  0.41487374508798269  40.030747599038648
 122400000  18.811880853062718  0.20252022978172932  9.2170174577613793
 122600000  18.731924246534486  0.19691998732046509  28.52608973052903
 122800000  19.023439657278651  0.2953469399872084  59.454043416677841
 123000000  19.196197143044518  0.46080129947009663  60.943784252564413
 123200000  19.337962585961847  0.48326500560706948  30.05595593245874
 123400000  19.114159102220555  0.41211957493751156  15.426268633159957
 123600000  19.180371710121776  0.25479620383792184  46.548853796886725
 123800000  19.184623229879481  0.13225682680430884  61.932104731253951
 124000000  19.278706414429632  0.29157960835841734  57.826870453853211
 124200000  19.696749775654986  0.51325173980121197  5.2841727474572391
 124400000  20.240511243389644  0.52032229752092063  41.35366399381612
 124600000  20.702129307888654  0.46120377847141847  66.083956702499876
 124800000  20.691612272379462  0.46660778525902374  63.537300836233108
 125000000  20.71977042981441  0.48391438372218365  38.888126498103261
 125200000  20.711568486277226  0.45936204135427866  8.2625028694180838
 125400000  20.712402107792329  0.46319608509927462  26.765503657596998
 125600000  20.681893366689398  0.46720577708361433  52.157197433716014
 125800000  20.676986488537782  0.47714759132402368  66.492436168329988
 126000000  20.855077586823281  0.469596384302437  63.044384630394426
 126200000  20.662343179987747  0.4683803773010069  40.697983282889716
 126400000  20.679007870227892  0.49586935585991104  5.010096586986851
 126600000  20.670899762106064  0.45698867181140573  35.114085015849085
 126800000  20.759871992521695  0.4767886243917786  58.670187809183204
 127000000  20.676885727104469  0.48490340396232651  65.880115112868481
 127200000  20.736344607413574  0.45855709742895023  53.07705987599855
 127400000  20.709142325525598  0.46632117925607158  27.614941326086985
 127600000  20.754478727757128  0.47377665017878196  7.6343044920171756
 127800000  20.667090932008353  0.47736453888399683  36.448978004946376
 128000000  20.762895124370715  0.46025067481565624  59.920983499092785
 128200000  20.762401344335739  0.47519008113504319  66.9142301312298
 128400000  20.677109734184114  0.4948864517271836  51.003233740506857
 128600000  20.689218116989423  0.45672796360868817  23.579134594004643
 128800000  20.742745896436954  0.48357697795971305  13.366173986935925
 129000000  20.722113722546244  0.47767975473163204  46.758938998247551
 129200000  20.671227130658338  0.46168898809856884  66.930158973737647
 129400000  20.684281074896067  0.46983637213361235  66.105480938584321
 129600000  20.710515909536937  0.46989055539930841  48.038625713432424
 
