462639 201 2 39.476926421373008 63241.077088070931 1
0 0.01 20000000 4 20
0  7  8  9  
#
# HNBody body-specific file (Bodycentric coordinates).
#
# Line 3 encodes the data type for each column as follows:
#
#  0-Time (= Epoch)  1-x1 2-x2 3-x3   4-v1 5-v2 6-v3
#  7-SemiMajorAxis   8-Eccentricity   9-Inclination
# 10-LongAscendNode 11-ArgPeriapse   12-LongPeriapse
# 13-TimePeriapse   14-PeriDistance  15-MeanAnomaly
# 16-TrueAnomaly    17-MeanLongitude 18-TrueLongitude
# 19-MeanLatitude   20-TrueLatitude  21-Mass
# 22-EncRadius      23-CaptRadius    24-IdTag
# 25-JacIndex
#
 0  0.7233319899999997  0.0067732299999995541  3.3947100000000008
 200000  0.72343012616500624  0.049420718450968903  1.2626791785559071
 400000  0.72342004066479126  0.017720206413872074  1.7921972196277816
 600000  0.72338145193274794  0.037900143083727078  3.2419378230363365
 800000  0.7233785404261881  0.011135728730984536  1.3554845263174851
 1000000  0.72336989834573806  0.039387213905878932  2.2255900718832016
 1200000  0.72345181020216676  0.014374732247936017  1.523341675573777
 1400000  0.72330582903172946  0.013864675493002319  1.3979469498660768
 1600000  0.72331962505247094  0.036216213200062908  4.4716751422029928
 1800000  0.72338827460946753  0.0045885917910360261  3.1375966151641657
 2000000  0.72336302053756063  0.035700643876601323  1.1192205775412194
 2200000  0.72337865415726099  0.03075001018789706  0.78889282312212383
 2400000  0.72336483876279833  0.019853235371107055  1.5030489504699653
 2600000  0.72339155044703785  0.029851376098894856  0.79773381489113038
 2800000  0.72342988455043933  0.057597795256639973  2.7864877279988503
 3000000  0.72339022285867549  0.010467619154741207  3.2965028517944424
 3200000  0.72342200537262469  0.046923392471100424  3.2270368751853673
 3400000  0.72335535969214215  0.020506688452512328  2.060280681347094
 3600000  0.72338623893463083  0.046802711025190624  0.92134360066234544
 3800000  0.72338019845416934  0.018313493085341134  2.2781223368167636
 4000000  0.7233838683564463  0.048493125780333705  2.8631082038543685
 4200000  0.72348203279047663  0.01835247448803588  1.004017191602383
 4400000  0.7234347474998718  0.044254661451883115  1.7619294545886226
 4600000  0.72339238410453988  0.022640066392061137  4.1032519573967434
 4800000  0.72333755841570391  0.040193946393274796  2.3236068661928391
 5000000  0.7234102920852713  0.012980255849561738  2.7867773563105356
 5200000  0.7233451226550085  0.031306669882818994  0.72373306379528635
 5400000  0.72334217043246407  0.02088862869770396  4.6332611934656294
 5600000  0.72338247935615474  0.029631344936830589  3.7962351720055727
 5800000  0.72339396389593025  0.0073664177077132579  1.0693128371906893
 6000000  0.72340688291847299  0.02432414223024508  3.4484857329124261
 6200000  0.72346515647818976  0.041180561601416248  1.5215214932204701
 6400000  0.72333120334873491  0.015316689202987812  2.4459616977909153
 6600000  0.72340760175156937  0.036504920118615607  4.563507908206299
 6800000  0.72336085264644867  0.037297880253430289  3.2086700892565658
 7000000  0.72343793533472234  0.026980498629498799  1.0269896129402816
 7200000  0.7234438117362757  0.037444676100716612  2.1360711118782638
 7400000  0.72330646550835498  0.030926778216295265  1.0368797632589846
 7600000  0.72333159150845838  0.026951121697998237  2.2324423275100904
 7800000  0.72344393683897679  0.048078418897879581  1.5640252427286314
 8000000  0.72334062221029216  0.040022639101000498  0.73020195475170102
 8200000  0.72341699109008728  0.032905502845585938  2.0010832391188567
 8400000  0.72340579991337572  0.036126665763915503  3.7318020119162463
 8600000  0.72327792644130984  0.02281313056587745  1.6926880745284874
 8800000  0.72341504108237531  0.025824930797504579  3.2554177418373151
 9000000  0.72325124896322501  0.023742560480172814  2.5462937189904729
 9200000  0.72351905058773336  0.014308025950755875  1.5345603814593491
 9400000  0.72349287546932062  0.076395475237792637  3.2442994578936664
 9600000  0.72352527203751527  0.020858148105813046  1.9541330740036469
 9800000  0.72350137702033801  0.084855454673476008  0.56899502733297547
 10000000  0.72345846363462929  0.046467643756607266  2.321562307107071
 10200000  0.72336386681610487  0.023224762174637339  2.9042323760658668
 10400000  0.72351252157954993  0.032962010274448103  2.9753557131153507
 10600000  0.72334894709345632  0.051567279586514289  2.2025873514221357
 10800000  0.72329000055296566  0.030633357346774269  3.0938111420255097
 11000000  0.72353434052660481  0.060314184478748055  1.7898224019040094
 11200000  0.72351066150180965  0.036458866442018976  2.5217679401207338
 11400000  0.72344649611323431  0.046454803616878967  3.3281332467487568
 11600000  0.7233601373144628  0.023853273134216188  1.3931348320090229
 11800000  0.72340154169224058  0.032451347892107067  3.8329047289186473
 12000000  0.72325871097052785  0.061234054110898661  1.9481939385990883
 12200000  0.72326668533601468  0.066738973789656833  1.1556232012149563
 12400000  0.72329378170894387  0.05279271671432547  1.8363526238548205
 12600000  0.72349772037793925  0.070674120424515235  0.89241142027157794
 12800000  0.72341653302608189  0.03740055238533737  3.0958251291441528
 13000000  0.72352342150514437  0.016543519933184325  0.94162766731782643
 13200000  0.7234313945407167  0.038195666267231886  3.3249516578564786
 13400000  0.723355748260741  0.03985205289438791  4.3879188939518148
 13600000  0.72344644905927691  0.029753500237217609  0.99556105816998586
 13800000  0.72329822708071101  0.0080612290982556376  4.1319564138028273
 14000000  0.72348506333398188  0.033371070714332249  2.658233262316958
 14200000  0.72349053420902809  0.036296145189117508  4.3493867194892664
 14400000  0.72341448275320852  0.035603675890270511  2.2382664023698968
 14600000  0.72342093321708034  0.020691249004439718  3.2486526543915399
 14800000  0.72352210670440242  0.055433298959937399  2.460900011077638
 15000000  0.72327661141071664  0.03456213268651212  2.0231522920258338
 15200000  0.72326176569308442  0.041146382221983316  2.9391427849519682
 15400000  0.72333244168422928  0.022342886482046218  3.9907324827002646
 15600000  0.72338959102218869  0.041117870781154482  1.094238924436794
 15800000  0.72330580878799833  0.024475855159584631  2.3083277774318973
 16000000  0.72346297813576999  0.061483459467425589  2.5008264991161626
 16200000  0.72338876203906588  0.04040424687612177  2.3116688257394067
 16400000  0.72344247438919795  0.081469542802524261  0.83380996935903995
 16600000  0.72350524959897766  0.038277086372299027  2.9293028085254758
 16800000  0.72340463233592023  0.012791021450675091  1.6474634873375034
 17000000  0.72333436232638326  0.0046851933063571851  3.1781647418646966
 17200000  0.72329660229716375  0.066953510846742739  1.9891375810786696
 17400000  0.72329342355677984  0.079439854667150492  3.3079268436768969
 17600000  0.72338551145733931  0.035165323599029699  1.1599750312963131
 17800000  0.72328497523610258  0.078613542985741344  2.7793411256442613
 18000000  0.72353749433006431  0.032157854472525768  1.298632089758075
 18200000  0.72341623546273526  0.030706467985155722  2.1690707719798761
 18400000  0.72339889024034998  0.030396007809895768  2.6591829576562382
 18600000  0.72343566631650369  0.084537420810435221  3.8544239832310234
 18800000  0.72351958340983435  0.032692592070804133  2.7433420429214808
 19000000  0.7233457386538602  0.066558168656546415  1.4942622614577576
 19200000  0.72336467334411103  0.009735619238098429  1.5968723448254696
 19400000  0.7235033281314438  0.037609987135938418  2.6158093828279947
 19600000  0.72328079536623313  0.021302709115491633  2.5587722784876559
 19800000  0.72338674060091213  0.045120547733516821  2.6792941294495769
 20000000  0.72341214807812604  0.018602338271776341  3.2954493606785444
 20200000  0.72340680690272685  0.045449399797588969  1.3515027551915981
 20400000  0.72350768674576893  0.02577930538253537  3.3154060492181139
 20600000  0.7234545121514564  0.073067300135747304  2.892059085151403
 20800000  0.72332243685616859  0.048090817282459779  1.9866218503346273
 21000000  0.72341324798440143  0.042564349099566738  1.6262140470116331
 21200000  0.72342699049575765  0.046228051629261718  1.0170053751062356
 21400000  0.72348385842578233  0.017991080183433431  1.4902857688105642
 21600000  0.72328047315273525  0.068629166032131317  1.262761669627134
 21800000  0.72333695950718291  0.017636534625545857  0.64998990645301602
 22000000  0.72344854041619699  0.054708436200584375  2.0610927268542527
 22200000  0.72336139124478283  0.018329787587554026  3.5146187417132575
 22400000  0.7233596272305256  0.040179220855203382  1.3136632255577791
 22600000  0.7233062593758911  0.0046043264006861767  3.2957529675215476
 22800000  0.72332638826619411  0.039055571913366352  1.7819645849436569
 23000000  0.72331027856164709  0.014232608757549042  3.3929366032020027
 23200000  0.72336370044266063  0.026467229605647787  1.3615056829944443
 23400000  0.72328101205767981  0.034510127827952479  2.8948363160454589
 23600000  0.72324460567804194  0.052121551723921321  4.3805500646178421
 23800000  0.72329138792192793  0.060811121144539765  0.73815545278630046
 24000000  0.7235578392203742  0.061474741555785951  4.132213798924961
 24200000  0.72343168677508196  0.029399665558222439  0.41449089897118091
 24400000  0.72353143245856677  0.055206666546134202  3.8200137167992811
 24600000  0.7232208298926619  0.017481131255597863  2.7090340413497365
 24800000  0.72357102713485422  0.053627325021276366  1.4620425190592843
 25000000  0.72329866768813467  0.0074301178175347569  4.5830339861951526
 25200000  0.72349353216824486  0.038962151588201349  3.6586451735343122
 25400000  0.72329032565929696  0.059041696468378396  0.50092319643527039
 25600000  0.72332021638028521  0.01703492506692951  3.0556424302481142
 25800000  0.72337530226142965  0.0380694000648601  4.4537534118612898
 26000000  0.72344664213981436  0.020305779186089223  4.4552550658714427
 26200000  0.72339886675241449  0.032536820016541922  3.7666541288840252
 26400000  0.72342871282740295  0.026901817124841635  2.8972068374639832
 26600000  0.72330103441151883  0.033784158849487295  1.588522443004881
 26800000  0.72337941534397954  0.033927217498525425  3.2000594081257563
 27000000  0.72346901945737463  0.049538325367141617  2.5207098789995959
 27200000  0.72330355737552898  0.05555719948434687  2.1100070622698874
 27400000  0.723286026600096  0.057736875651492416  3.5467294355685395
 27600000  0.72346595729321184  0.059692936005108298  1.8844493840495073
 27800000  0.72326698826310698  0.048432643986964653  2.6256032958416577
 28000000  0.72340125445204229  0.0600357793626696  0.84783361937041213
 28200000  0.72348633722171563  0.021932217140667627  1.564324418032434
 28400000  0.72349317420770565  0.060071956507261062  0.9502175444259926
 28600000  0.72335973155793565  0.0086260505535528543  2.4186487229266205
 28800000  0.72346365048846839  0.066077917872012823  2.0089196292525178
 29000000  0.7234734560221171  0.024900319391910834  1.7323532049455763
 29200000  0.72347031782500637  0.061379010242464574  2.9115514519313246
 29400000  0.72345186076336587  0.016488199027266396  1.1041025330612004
 29600000  0.7233325275933512  0.040558685090722232  1.4549140331562627
 29800000  0.72349020840877321  0.027801376341941242  1.3961492466577063
 30000000  0.72349724706138097  0.024299732551774717  2.5665962244629625
 30200000  0.72342426571483565  0.011716955826938016  3.8183860832384893
 30400000  0.72338298788803301  0.028028838965603556  1.4094617501134377
 30600000  0.72338279074638889  0.0070667521318518297  3.5420578295687388
 30800000  0.72348165241844209  0.020253645250083021  2.6904908490863928
 31000000  0.72334241004330546  0.03254396634719714  3.4744433169724251
 31200000  0.72340931404720799  0.045220094007083267  4.3049722841535081
 31400000  0.723380608323273  0.031230564532602149  0.65676301494915812
 31600000  0.72353684376666139  0.042390828219466832  3.8378945382558776
 31800000  0.72328120684186203  0.010065557981193421  2.9533300840219874
 32000000  0.72342036677054433  0.0085227867034053956  4.8620988809116836
 32200000  0.7232952434889155  0.02526719971501265  1.0168805869557782
 32400000  0.72351479857915391  0.023902868128496221  3.5633941431131833
 32600000  0.72344060071143801  0.02523108877080598  1.0617802740658717
 32800000  0.72347531300873247  0.014493306635594189  3.1686930790595831
 33000000  0.72338144294036244  0.058379511358222558  5.7648846762900074
 33200000  0.72351020858117632  0.033836264905587519  2.2803159041429293
 33400000  0.72336148109242315  0.048014824025753369  2.9403501778938437
 33600000  0.72340064475562171  0.012874991607714355  3.4394770756389521
 33800000  0.72344456804527313  0.018046609574708057  2.5152927579428668
 34000000  0.72328391794425306  0.058137932278930021  4.5852878232425622
 34200000  0.72338473768875211  0.057985824336542757  2.3865172413042983
 34400000  0.72349243617294823  0.018165863326218671  3.1068585240447604
 34600000  0.72343087531487349  0.018176785454492403  3.8320018235179281
 34800000  0.7233465941260766  0.052129252434784265  2.7753306851413702
 35000000  0.72351630415339907  0.060575054389200085  4.3584928878392137
 35200000  0.72349361069602058  0.046233013600452164  2.3538290135595501
 35400000  0.72350292731588228  0.016026818928902026  2.8767639391236357
 35600000  0.72331175411762849  0.038332103202648529  3.6558186479391015
 35800000  0.7233809869150456  0.015124174505624187  1.3779502961017573
 36000000  0.72338316981460093  0.02205268705293224  2.5583294308849975
 36200000  0.72348148127716017  0.042362721056082714  0.72319082834057047
 36400000  0.72335141982501883  0.072742117921591465  2.7154838910373922
 36600000  0.72333056436931376  0.04096360708719584  2.6298849051085096
 36800000  0.72335055372536783  0.052228603005525918  0.65940307764796757
 37000000  0.7234592505019769  0.046103451107927282  2.2700327385733727
 37200000  0.72329315025120511  0.059385119756005744  0.76671116201638401
 37400000  0.72334395236830817  0.03206613154114818  2.3497651849865671
 37600000  0.72339925483385448  0.045130396079566974  2.7374985905203486
 37800000  0.72342916827276871  0.032159739426885763  0.80580887707649185
 38000000  0.72332712997594417  0.066114502322945023  0.62787897228792056
 38200000  0.72334773591851598  0.043518990397175369  1.7762038090153982
 38400000  0.72332496515303812  0.037771502856353105  1.4029962852354669
 38600000  0.72335703029890752  0.051486236614361053  2.0422216261751176
 38800000  0.72339377223340473  0.0147244715909308  2.0292083749097052
 39000000  0.72341511381678758  0.046421942102597161  0.3392178341233969
 39200000  0.72339545125680538  0.045523983676805324  1.5738492021583192
 39400000  0.72333983188334405  0.021208042229066654  1.5008758466771643
 39600000  0.72348082720345697  0.015596135692432359  1.2626567776261071
 39800000  0.72340350765471928  0.058809779338838783  3.8309502593339761
 40000000  0.72340589037265957  0.023807862560766793  2.5679378264281691
 40200000  0.7234282675055228  0.019694565571244421  1.2584418906622696
 40400000  0.72347382820651429  0.036344003120312413  2.6908179150999354
 40600000  0.72332551692426938  0.061087884995555591  0.59943878174048593
 40800000  0.72336798363592392  0.02075083530207707  4.0612538394877671
 41000000  0.72338681806324889  0.024290750502196166  3.5200889375008875
 41200000  0.72335523693365078  0.037365617909999815  1.6909453885971564
 41400000  0.7234722379136741  0.032708562178394539  3.0703279840034869
 41600000  0.72345550849524409  0.012235166891540429  0.95171088158939998
 41800000  0.72345546289793106  0.057655681573065255  5.0059304086093528
 42000000  0.72342148527054928  0.051459393801903411  3.3203041119810206
 42200000  0.72341833741804706  0.016357009352458485  2.3418820591741354
 42400000  0.72346638598175383  0.0055542623428375777  3.5257201607968534
 42600000  0.72344390131305514  0.046164966668577459  1.6862872013804981
 42800000  0.72345636777723388  0.054086140558610392  5.1606015363779472
 43000000  0.72341174405350384  0.053366528913444497  2.1128542020647685
 43200000  0.72342372166713109  0.058540691493502252  2.8846542183369435
 43400000  0.72339489120900602  0.055698365109506306  2.6020262834542796
 43600000  0.72343312933073145  0.064979577191530247  3.1297921104286148
 43800000  0.72340964760166782  0.055520633482618528  4.6208473148628855
 44000000  0.72342423682282697  0.055259215258323266  0.50137103846739017
 44200000  0.72340264920895447  0.050397683553687303  2.988281567799389
 44400000  0.72341613068619337  0.048518210274932305  0.33766754430911672
 44600000  0.72338066500976339  0.053116487181254224  3.2648017112617591
 44800000  0.72339314055674997  0.047307371815404377  2.4504098549065425
 45000000  0.72342781945077317  0.053702791801355829  1.2470925226219776
 45200000  0.72340429457465449  0.062993161292156097  1.9494057776168501
 45400000  0.72337920143296064  0.043455896467700018  1.7938369947347304
 45600000  0.72338293448103408  0.051646328287341135  3.2793009484553455
 45800000  0.72338360286105974  0.025021971417106551  1.1510612811722243
 46000000  0.72343647783998066  0.035041644593539478  1.6604531924726684
 46200000  0.72345420994839715  0.054283824527063054  2.394976451660936
 46400000  0.72344529676373226  0.071189687516777053  1.0975698899459756
 46600000  0.72339641517703401  0.029863779192763496  1.7851798673845549
 46800000  0.72343478644015913  0.028773829119225446  0.54317161043049644
 47000000  0.72336849924197011  0.044669622307129203  2.7708230599364847
 47200000  0.72337944882140659  0.062697632089139449  3.0022134331131323
 47400000  0.72342163293678707  0.022506936494300304  1.1962384947147433
 47600000  0.72336534404967545  0.038610086517428178  2.4473927549104419
 47800000  0.72341345579743777  0.043016808998717501  1.2111859826988567
 48000000  0.72339934789366622  0.046828498639967318  4.5858579529292713
 48200000  0.72337312515978747  0.023777829862965866  2.2466743467030561
 48400000  0.72343814586994604  0.058433001591707445  3.0635730156523944
 48600000  0.72346764137712949  0.045128916661240408  2.1384851497655966
 48800000  0.72345631333198213  0.024516956836061976  3.1285501175601884
 49000000  0.72338895899736522  0.037920528227267707  4.7095581678951
 49200000  0.72345868622824649  0.072593196279953656  1.3386927215677351
 49400000  0.72343398138897874  0.029962335461407859  3.7849661598305948
 49600000  0.72346896654029302  0.039623254011144152  0.60614542804006377
 49800000  0.72346868796825148  0.045616519748316257  4.9443212341257494
 50000000  0.72339394348767305  0.033531269874176116  3.3417362526006897
 50200000  0.7234043556602906  0.024511785339621228  3.612013281475698
 50400000  0.72344326534298919  0.072040690691408921  3.3993158706232358
 50600000  0.72336855578024861  0.043661240243305366  2.0391074178266764
 50800000  0.72338154012266387  0.019474703670921582  4.5381416933789049
 51000000  0.72345308486918602  0.040367097712068353  1.6514920914103293
 51200000  0.72343063879816638  0.053808002067187867  3.7281467162297734
 51400000  0.72337968168382782  0.019987474090729637  1.7402314237570013
 51600000  0.72346661606459517  0.066067488869720012  2.6222373118959883
 51800000  0.7234058958323033  0.053227218453961653  2.1933245863441142
 52000000  0.72346151512335988  0.0015671364262452928  1.6938163687678314
 52200000  0.72336450819660392  0.033518658721775355  3.2308030409895969
 52400000  0.72346712209103636  0.047850178992580178  1.3000551943573271
 52600000  0.72343135942881598  0.024241259355034395  1.8277168290408867
 52800000  0.72342190266582995  0.064172697666507836  1.4515054260154545
 53000000  0.72343683730848252  0.053707251000284978  1.7765838503959321
 53200000  0.7234092991203861  0.0071343936587271164  3.2929510884907263
 53400000  0.72343356853002405  0.028310330721041881  2.0601176881558341
 53600000  0.72341825400089599  0.06596311699081979  1.734735436424927
 53800000  0.72342962918505582  0.051207451663437036  3.0869875513085794
 54000000  0.72342858202861504  0.0065847721823499641  1.3177719573039595
 54200000  0.72345444830864714  0.0097163624038348276  4.1235290864815957
 54400000  0.72344866604530256  0.057562347320068867  1.3942817651428685
 54600000  0.72336738231690956  0.057905051823864205  4.399229708441811
 54800000  0.72338407942443572  0.033857762897924505  2.0725254767772108
 55000000  0.72345488681431525  0.061049593388254199  3.2623743523864337
 55200000  0.72338749654925727  0.013486122766501945  3.9617244436049215
 55400000  0.72342290217885152  0.0045223098220936678  2.233782298705127
 55600000  0.72341737830109465  0.056419225909662141  5.0935368458983268
 55800000  0.72339130521531148  0.0090958870587810846  2.5874595645595488
 56000000  0.72340760771138723  0.046915494722531093  3.1763787838075745
 56200000  0.72342636167525465  0.0133066334094314  4.2480330337347247
 56400000  0.72338136189921942  0.028029459684579421  1.7206614471621478
 56600000  0.72342106680515672  0.031844189251216529  3.7819328315212162
 56800000  0.72341811540281031  0.042132994163634419  2.1949449274194475
 57000000  0.72338505275662524  0.05680886204432789  2.7175499643784811
 57200000  0.72341454781210313  0.038829916584916774  4.3067941367762783
 57400000  0.72341381111470915  0.015049156506946734  0.71963627802249408
 57600000  0.72343998661582298  0.017913587777899895  3.1814551253750532
 57800000  0.72342115438654653  0.047062143826964137  1.553092762849499
 58000000  0.72341745746587427  0.026618635460146832  2.5790095611992956
 58200000  0.72341378763298736  0.042627108128159188  3.1351901866787144
 58400000  0.72338717792597362  0.023238050645662374  0.35064814346634976
 58600000  0.72338667023194836  0.027388831870035782  2.3372337828864662
 58800000  0.72341655861324283  0.027361594566329726  1.322602975136359
 59000000  0.72344014405438528  0.014614527004289262  2.3137201858951753
 59200000  0.72343789854335272  0.030067092424553934  2.3830528158975244
 59400000  0.72347202857081583  0.024337288720664433  1.7950803959105637
 59600000  0.72347280056651131  0.021972021876306463  0.85902181538610378
 59800000  0.72329198666774341  0.061954509181797374  1.8631987528115304
 60000000  0.72341681064205821  0.014676428791557896  2.6040948585794346
 60200000  0.72340261587130261  0.055857047798460208  1.5793985456098572
 60400000  0.72345469749040725  0.047171027196556796  2.4446850372055087
 60600000  0.72339280781000315  0.019367751567164141  1.2544885181250403
 60800000  0.72329054147652749  0.055199032445166461  2.46458840314562
 61000000  0.72334169686169736  0.059047631630071304  2.3943658708758067
 61200000  0.72340268138151931  0.054742233382799807  2.4818460923927299
 61400000  0.72327273071758547  0.01237061608852979  3.20629584447842
 61600000  0.72342079553110328  0.049817432194213848  2.673803714331541
 61800000  0.72339745788294252  0.038838164045430744  4.0536597705458801
 62000000  0.72334151987944983  0.035081119620436953  1.3295313945181615
 62200000  0.72352923567875305  0.078161153708774619  3.6211356676930593
 62400000  0.72345016666674822  0.033730037299359431  3.2637807298114794
 62600000  0.72355221896435218  0.048328166048287699  3.0693091365521914
 62800000  0.7233978712948993  0.06694086253543105  4.6372489111029802
 63000000  0.72340215539206687  0.066119101169228173  1.1532615210289341
 63200000  0.72352945224470289  0.063669028039939402  4.7520215213088006
 63400000  0.72336631410983987  0.05015371572308764  3.331479719204014
 63600000  0.72329363460536666  0.049882680639541196  5.1985840783975448
 63800000  0.72326670727883202  0.025110012689942351  3.2732006919744689
 64000000  0.72334444055502789  0.072690614058685141  2.5431147850634286
 64200000  0.72326355400733444  0.052290977091099554  4.4150947435726788
 64400000  0.72327607718071729  0.0092770247625144544  0.59502393778354612
 64600000  0.72354772815867063  0.033553238443919477  2.6963817654666613
 64800000  0.72346228999842899  0.071307389443224248  2.0432458283816604
 65000000  0.72337173023127388  0.04381915642980086  0.253117977914809
 65200000  0.72340384357038856  0.021532215511509342  2.9942332273474674
 65400000  0.7233512984422289  0.056303232035312137  2.7325573355588491
 65600000  0.7234130210649955  0.056978250521629949  1.5464809777269628
 65800000  0.72339326529380321  0.017362023689408836  1.4955717046664661
 66000000  0.72348577010952109  0.051235623714984843  2.0983968070341001
 66200000  0.72348081324145785  0.021202444136192586  3.5161529589235703
 66400000  0.72336687175132619  0.082745670013400469  1.4261741208792429
 66600000  0.72328065436852884  0.074231549886582912  1.7671572736585142
 66800000  0.72338100355173773  0.034298867991019166  2.6417175683625413
 67000000  0.72333075557878257  0.077053145614381396  0.54419758252802974
 67200000  0.72353243322361349  0.06539346948706036  2.7530282715113379
 67400000  0.72345954321225703  0.074190702456464697  1.8825587299540154
 67600000  0.72348165588065783  0.030775892349669334  2.4052903589957211
 67800000  0.72346179654706533  0.028650704460033111  4.2192278233367793
 68000000  0.723484942022113  0.012065385069423736  3.4432395650873797
 68200000  0.72346864393415145  0.06502057779865969  3.4177864593990765
 68400000  0.72347058022044874  0.01014297353804712  2.6385103985794283
 68600000  0.7234690571818635  0.077698434516346712  2.7495582923357698
 68800000  0.72343632013796055  0.029674568735600856  4.0468377592102076
 69000000  0.72334423103311052  0.015922487011871263  2.6903483861261961
 69200000  0.72334911996246276  0.042453077168675954  3.5728059427005294
 69400000  0.72351070787663585  0.073107245268533474  1.9694744273690152
 69600000  0.72338076836342957  0.040950369676715677  1.7898102788277905
 69800000  0.72348066146421952  0.081136154734124624  2.6074924722962503
 70000000  0.72339152684091435  0.041549576952267284  0.88035026094536351
 70200000  0.7234672070828494  0.084226762767308797  1.8414736338374387
 70400000  0.72344239210115668  0.050025688660817955  2.3088542140779134
 70600000  0.72344372477277397  0.064956422074615661  2.1989991311508446
 70800000  0.72331312328565589  0.032847366443428498  1.070028597302894
 71000000  0.72344620219320366  0.013514825584829596  2.7201739323466843
 71200000  0.72346419972471399  0.024289708655628846  0.29809806442262232
 71400000  0.72334877496375971  0.038658853286154995  3.2239928187263533
 71600000  0.72337537708426092  0.071152165006985735  3.5542697413740827
 71800000  0.72336228954793391  0.031328487271090673  1.4617308904166326
 72000000  0.72341250493090214  0.057801029163458625  1.947000211463398
 72200000  0.7234264388505125  0.035259650694682218  3.493123725837302
 72400000  0.72340349953851457  0.076269882793182697  3.4551815007240583
 72600000  0.72341696721005189  0.01111899252533086  3.8037137310370035
 72800000  0.72344494109847879  0.075618436661610486  3.8018409221002711
 73000000  0.72338052725608604  0.022106244606261875  2.2655513100054914
 73200000  0.72340484541473671  0.03790717229064728  1.5780022648420504
 73400000  0.72335123373568366  0.040282425338400152  1.4842983908917937
 73600000  0.72334959538390586  0.037115755739487416  1.3364469861844932
 73800000  0.72332622503569222  0.062860618716680916  0.94150445970414431
 74000000  0.72331024154674606  0.017130194338498321  3.458463650004989
 74200000  0.72342068423127892  0.073229785111244783  4.4692866198700649
 74400000  0.72339448642371407  0.037422064231769199  3.3444380620212719
 74600000  0.72342965383361568  0.062109657465364489  2.4843212314130554
 74800000  0.7233002471529113  0.028989063242351041  0.83200060662032627
 75000000  0.72344704555993322  0.047652579083012445  1.1239176095507233
 75200000  0.723397140116258  0.012246551429381504  1.3150401179839322
 75400000  0.72343263154191439  0.075287997089883846  1.3934890242757121
 75600000  0.72342590263161688  0.024846772517553815  0.69234483626876975
 75800000  0.72343508814243518  0.073815216978800335  1.6258397575359786
 76000000  0.72340741123051477  0.057264261791510861  2.6302528457428287
 76200000  0.72341312140359881  0.031662227143700088  2.683550902740135
 76400000  0.72342240767547494  0.073410575894111277  3.6173144877904337
 76600000  0.72338880149311258  0.036526922007878451  3.2265464298695039
 76800000  0.72337188728340474  0.099297648835661639  1.6975717824006593
 77000000  0.723382542341797  0.044560311958336513  1.3667966030610177
 77200000  0.72343328667582218  0.091792203753988139  0.87309452409929611
 77400000  0.72340241560880492  0.060232007234747746  1.9782417741966078
 77600000  0.72335230581993459  0.059207484547752008  3.3746058447704943
 77800000  0.72332770236818178  0.056507435012680886  4.0804180495355657
 78000000  0.7233511153404274  0.063596907082637433  3.4232857419963478
 78200000  0.72334559242175522  0.029785562531199579  2.8018640558625054
 78400000  0.72339860594222938  0.093865938053409426  2.3590092291038633
 78600000  0.72341753179373747  0.074540922427001458  1.5482811968371653
 78800000  0.7233623206997446  0.073748287161394643  3.4126998266504582
 79000000  0.72340095863703946  0.078670071280361853  1.1669532361126886
 79200000  0.72335979833830466  0.066937832644287279  2.132536351480756
 79400000  0.72339857752333725  0.096261821327521077  3.1784745655282953
 79600000  0.72340517995792997  0.054633132091119738  2.5961488126499965
 79800000  0.72342260755816268  0.053476255021127024  3.3350961877543721
 80000000  0.72337298326745292  0.061608045405614806  2.0851375269485501
 80200000  0.72344900135209855  0.048461796079251836  1.5796108652018923
 80400000  0.72338972612376107  0.050790409137352645  1.6552919912894026
 80600000  0.72332673683239068  0.088440769389512383  1.3562352275109639
 80800000  0.72340794058456503  0.078725580386913949  2.6644453852391941
 81000000  0.72348791277165514  0.037121462458823536  2.7922505562119628
 81200000  0.72353108012748735  0.08926192658098718  1.8969087581407447
 81400000  0.72350106526714109  0.077497120114618651  1.8655188346072777
 81600000  0.72351344923713368  0.086452048907860443  0.62628384998468301
 81800000  0.72348983003842948  0.089249220072797411  1.3746028915489881
 82000000  0.72328129755264892  0.065308030105631618  2.4032958950056784
 82200000  0.72350141962014802  0.050488353431830578  2.1029708155138036
 82400000  0.72350837865734952  0.039551831320676356  2.5523468479505396
 82600000  0.72331677710054998  0.070967268477409681  2.3255988578401539
 82800000  0.72351804564561284  0.093979951039358051  0.97973325284440216
 83000000  0.72331977907283895  0.021636134571688868  0.26666356491979182
 83200000  0.72351045665801783  0.080826563926386971  1.311577907145312
 83400000  0.72330096888278661  0.051971888727949458  2.9113261290483075
 83600000  0.72349136066323294  0.034552872715371621  3.0910953176606886
 83800000  0.72349590907045647  0.020724301708661266  1.5564587436229624
 84000000  0.72329477606300241  0.063179744218386819  1.4687451170105483
 84200000  0.72352166605668033  0.02070807601605322  2.4358912978973435
 84400000  0.72344722120112637  0.080759044498726243  1.4922123084382639
 84600000  0.72336900769698675  0.041693220278724651  1.25969292205299
 84800000  0.72331188541454905  0.070603146969447014  0.69077747924156074
 85000000  0.72348931741968414  0.054836929075322581  0.89657427131778744
 85200000  0.72328529659856822  0.082687812470335104  1.2774247745978644
 85400000  0.72332141175325759  0.065285669975115687  1.4418189449160066
 85600000  0.72338912328032168  0.03471454881615145  2.323612047932782
 85800000  0.72343065416037899  0.05622899798227509  1.8524074694982111
 86000000  0.72345693950506029  0.045897952813520493  2.5562747386034825
 86200000  0.72348911873704425  0.020867227592129473  2.0018707717015776
 86400000  0.72352941026780948  0.057200051396783871  1.262937833283893
 86600000  0.72343642346541348  0.044115053606210319  3.035470627079254
 86800000  0.7234295357096322  0.045822129266596345  2.3371576903843909
 87000000  0.7234691994277519  0.035039783130958416  1.3381399599002608
 87200000  0.72334732993984707  0.055434509273369792  2.0597377888113395
 87400000  0.72343121793004894  0.094384818777689908  2.2296732137894018
 87600000  0.72347045154561263  0.039957193096116533  0.80722894041898752
 87800000  0.72331763301593222  0.040043901116907747  0.88229577614769505
 88000000  0.72352160742407201  0.030135070759213581  0.66501329960698474
 88200000  0.72351620900720492  0.10383665626512979  3.7515249544721496
 88400000  0.72339504138085331  0.066646537526350594  4.0068460439441473
 88600000  0.72347583045428654  0.016993333284119293  2.9795324997442805
 88800000  0.72348379898098869  0.058093177705532233  3.602195257104571
 89000000  0.72353364331449621  0.02391395536303138  0.85876073577463241
 89200000  0.72333694821648964  0.063736336827901488  2.3756823453872014
 89400000  0.72346665658784137  0.099272798373354926  2.5462960159218664
 89600000  0.72348447432538776  0.02594498206806355  3.5901735959287011
 89800000  0.72336170186007231  0.019974805170553882  4.4266229115364029
 90000000  0.72351297744669163  0.084690374840245136  2.6049058721594913
 90200000  0.72339264258458136  0.05947593486940423  3.3323752589022475
 90400000  0.72342135394944118  0.06274196110537536  2.9970687044780613
 90600000  0.7234340435152038  0.066903612991891431  1.5560298194454374
 90800000  0.72348191447679822  0.080052764841359841  0.37547432348199328
 91000000  0.72332899361869551  0.069740492058924186  1.622634991784567
 91200000  0.72332536030127925  0.031240917931192842  3.1275769596516665
 91400000  0.7233067496344906  0.03888646044221046  5.0763447295526136
 91600000  0.7234210086378583  0.070183246549371039  4.5507179547419492
 91800000  0.72340663551796192  0.012999147482492139  2.102851903012541
 92000000  0.7233707397963075  0.053881532558004784  2.9222666297493975
 92200000  0.72342952976661301  0.038076090470271648  1.7558927673412519
 92400000  0.7234052279767913  0.043525727925530021  1.501738309891727
 92600000  0.72347449290977728  0.017795801701575339  1.7516128002228983
 92800000  0.7233526639508151  0.071025801955717949  0.52622947803596987
 93000000  0.72336617802881431  0.040359549877477571  0.61590099557207745
 93200000  0.72336325659028589  0.056655391118707356  3.9901922819866642
 93400000  0.72340653729693249  0.021313765567843687  3.7154659903685059
 93600000  0.72334987371844062  0.049504011710385779  2.5335135320871744
 93800000  0.72344669275358819  0.065208789368327136  1.5366297913791844
 94000000  0.72347468190713837  0.07456535789308727  2.8195107842390108
 94200000  0.72349184284241319  0.05146233876456479  2.68263804779814
 94400000  0.72349884554329402  0.023778418560633095  4.0138441667686129
 94600000  0.7232988820492211  0.086720295226245345  1.8592901916320883
 94800000  0.72343858297774011  0.041904419459163365  2.1516212144461169
 95000000  0.72330856301511093  0.06644365582060259  3.446824226825183
 95200000  0.72333157850330365  0.059565870876457871  0.91570030445440576
 95400000  0.72350029977200359  0.038383135683355364  4.1038471713475833
 95600000  0.72332236077815082  0.051929209128029674  3.1424830372374353
 95800000  0.72350683729685727  0.081052171447146035  2.9802663603582786
 96000000  0.72348582670505679  0.026736068656851773  6.1365041464813004
 96200000  0.72337380075008406  0.091763239672729841  1.82748958546495
 96400000  0.7234382425110184  0.03731056982576892  6.1807898077991483
 96600000  0.72339083115008529  0.083278269649586081  4.0648343460564522
 96800000  0.72342648840706569  0.077843320575211955  1.1067237413796633
 97000000  0.72323397825300495  0.073635165414580137  2.5899275903404426
 97200000  0.72350735179935599  0.045437058601229048  2.3447294286639231
 97400000  0.72345433305252305  0.076376955039611449  4.3902787317331686
 97600000  0.72345938492396922  0.03631848664695999  1.1983743637202831
 97800000  0.72339090456554611  0.061046249693389357  5.8069930162483683
 98000000  0.72348501858779657  0.078551944654699918  1.0398181191486893
 98200000  0.72335713549580916  0.070474274324319491  4.454694187970917
 98400000  0.72340885372754138  0.082698799598129188  2.3842347277522529
 98600000  0.7233569319155454  0.056647079956177016  4.7414833762678326
 98800000  0.72343854084105952  0.084917920570412989  4.343674471892137
 99000000  0.72349717702904215  0.049416359194171484  3.4567088177131065
 99200000  0.72345061243465447  0.10673975706665426  1.7533765029376751
 99400000  0.72343461573960377  0.041362176592060908  2.9174055757304722
 99600000  0.72338963184110949  0.085961827700680074  3.5545651317369042
 99800000  0.7233804876529808  0.028226958271996196  2.5687555116773426
 100000000  0.72334949411379224  0.11835861687297336  1.6718866899923641
 100200000  0.72343163169963598  0.047348749342309676  3.0546494708786658
 100400000  0.72338420381994839  0.10148085660358097  2.0915454380671612
 100600000  0.72345444252144409  0.040364534879862392  2.8413418074891212
 100800000  0.7234098785516252  0.069874649067921152  1.8319856656728004
 101000000  0.72341983045317926  0.050783968610177234  3.4247755337687207
 101200000  0.72344356283897071  0.028740713947672671  4.6445829869577686
 101400000  0.72335316700375851  0.061061526036012878  3.8517232542713904
 101600000  0.72349244911246835  0.010753357057641319  5.2750935573052171
 101800000  0.72346148472549388  0.078541248325874641  3.7612126282123648
 102000000  0.72338285746534592  0.036013846237099002  3.5963292940536258
 102200000  0.72340506188674614  0.05528850174109079  4.188242575960289
 102400000  0.72343713348746119  0.05060913776313157  2.5430852582319878
 102600000  0.72336759947632889  0.050249514393468045  3.4811433856854768
 102800000  0.72340228130285633  0.018207285643054287  3.8357775477792462
 103000000  0.72345575934341011  0.062668080851566041  2.4852652325788762
 103200000  0.72336902137456693  0.053012929951307144  2.0516434626952851
 103400000  0.72345465070214532  0.045375724070288427  2.4339353198908094
 103600000  0.72338385333110689  0.067884455249042505  4.2006112853520072
 103800000  0.72336665282290269  0.055643529097392702  2.1374601460144609
 104000000  0.72345428011272161  0.076301802506791  0.55209771945021713
 104200000  0.72335029586707367  0.035051120372850887  2.2574349892451724
 104400000  0.72345952288172277  0.073064894288969645  2.3773828703795314
 104600000  0.7234006940651333  0.044500270251978197  2.8839500691918358
 104800000  0.72345243599517828  0.099535071667322339  2.1819356416543041
 105000000  0.72341318546314148  0.062428974007542028  3.5475335117202524
 105200000  0.72339848902034543  0.11584134425799326  1.4184785519659464
 105400000  0.7233923894562273  0.017224967773141083  1.4796028116358526
 105600000  0.72339232838520662  0.12434867498001721  0.69774252356773847
 105800000  0.71637364450378915  0.054107357534090968  1.8622355850378036
 106000000  0.71639165140093608  0.15684233324406147  1.2216796050790129
 106200000  0.71796564855174905  0.066180386493110685  2.3060304129264182
 106400000  0.71725527122480448  0.081839040638179095  3.031371754613124
 106600000  0.71724842674625455  0.10923242101611676  2.8442282857664494
 106800000  0.71346054263470826  0.1092814792127953  1.3434968008195662
 107000000  0.71346907112704239  0.065377785518221099  2.6064883871911064
 107200000  0.71417622845835327  0.10131514814789791  0.79126868828339691
 107400000  0.71417687334663293  0.12237811713963935  0.29176635475199353
 107600000  0.70998757212325114  0.094509172668304692  0.47935098039866991
 107800000  0.70984303647268099  0.11130720060468241  2.0427897106373085
 108000000  0.70110751162868423  0.11880168428957603  1.8048864144249721
 108200000  0.70110648419461463  0.10006497900081138  3.0188512024444707
 108400000  0.70109876215689082  0.13225538641459419  1.4981061990875217
 108600000  0.70110014674695276  0.097492428657867142  3.3692377006539425
 108800000  0.70180330367524424  0.064279207530874932  1.6945581056005814
 109000000  0.7017948079000168  0.11871440600830398  1.3305376557678086
 109200000  0.70178784771713931  0.14400227888961123  1.1843005977486369
 109400000  0.70178500888548512  0.10064026588916786  2.5596522047411416
 109600000  0.70179693282204936  0.13654513323167591  0.35887098442606896
 109800000  0.70179442803534997  0.12532712668088317  2.9518372029340605
 110000000  0.70178788458476404  0.14735151426675533  0.38159385961652981
 110200000  0.7017883316303356  0.12787869475801825  1.689821123124744
 110400000  0.7017871668661787  0.083867357986562918  0.23463598241874406
 110600000  0.70178998622099009  0.14771621647604272  1.4222080677059663
 110800000  0.70180356931674592  0.14083134727962696  1.9394878006720393
 111000000  0.70179607631091323  0.054509764000504619  2.695281044811753
 111200000  0.70180084063930459  0.14928206900442262  2.0590782464808632
 111400000  0.701800683980632  0.11813935561531956  1.3146945156985776
 111600000  0.70179704408919874  0.11028845318571824  2.1463189657350097
 111800000  0.70180095058670822  0.1225661554045028  1.4791121902915656
 112000000  0.70180897557328514  0.088268495737068686  2.8122274579746445
 112200000  0.70179972654366352  0.13905473654835454  1.9974064080083227
 112400000  0.70179395912149944  0.13215405119777646  1.6126672724485611
 112600000  0.70179648020184959  0.066052870022438148  3.0900138156782568
 112800000  0.70179833213081322  0.14820253733009417  0.93739877478885048
 113000000  0.7018045708044528  0.10496317229884125  3.0186764069731598
 113200000  0.70179433716918149  0.10318208956743405  1.2193741112916436
 113400000  0.69814778861313265  0.11138000833371874  1.9292503850533766
 113600000  0.69434749301324905  0.088784966879301028  0.85387810845478418
 113800000  0.69140472927844632  0.12509812466252748  0.83815188440946087
 114000000  0.68237707584375262  0.066953871635041851  1.883120671569525
 114200000  0.68087730858873374  0.052553201774336561  3.3931336528819309
 114400000  0.6826504916560181  0.096690276762217059  2.831886799507743
 114600000  0.68076364474026907  0.066632924440097552  0.44269410140198395
 114800000  0.6846810971362004  0.099237270832015514  1.7002835165882835
 115000000  0.68399513094573883  0.058275524500632711  4.4824043710916515
 115200000  0.68473762508726821  0.05475663393338135  2.2561167880266146
 115400000  0.68143534159757191  0.10386916719109308  1.3442417515702971
 115600000  0.68311337508227088  0.056426064868643745  2.1552677083112282
 115800000  0.67840927771560555  0.084334927908048501  0.59818538232011331
 116000000  0.68125960728758506  0.10462031691054492  3.9986214443075925
 116200000  0.68091496953202779  0.069283221372629197  3.6726100101142025
 116400000  0.68251353326320052  0.10651968782313456  4.7505477693854434
 116600000  0.68601626565854701  0.10904513474928418  1.6290000793255299
 116800000  0.64392168148937723  0.25590589270873781  32.853585466558364
 117000000  0.64392484798214755  0.40891780058853511  113.36292465466187
 117200000  0.64268917937023451  0.18593616747850128  54.594484171021662
 117400000  0.64420968686198521  0.25184572325685201  121.57341772261408
 117600000  0.64227129460192578  0.23404519864992004  74.186298502440778
 117800000  0.64388948703930216  0.24176229421043488  128.69651786768472
 118000000  0.64402990182115538  0.24294204130172053  15.566034439778123
 118200000  0.64510562782994407  0.24090745796208415  115.25158675689977
 118400000  0.64588130093455853  0.24428498381044628  47.140895433834807
 118600000  0.60367877820924543  0.25722906847182447  8.2944844894459919
 118800000  0.60539175967250436  0.2513948086102728  36.655073118446353
 119000000  0.60649419322239706  0.23933034406714579  128.71915233465614
 119200000  0.61982317949009269  0.23611880442692221  64.759506178978924
 119400000  0.62303391341990677  0.24096837659670625  115.90573046043107
 119600000  0.59969260049915873  0.22007138638089258  86.186968871317163
 119800000  0.60785245813798139  0.21938040330649014  85.342062053944559
 120000000  0.60111737601775228  0.20201034233890419  30.239142251474778
 120200000  0.60249658431722153  0.1895296362452622  158.77019069135125
 120400000  0.59649866351744463  0.19743375688201498  61.404832999258396
 120600000  0.59616411795953228  0.20474462544983169  132.76556442678279
 120800000  0.59065953928352244  0.20885734093160005  91.636885369526496
 121000000  0.58886393228670264  0.20692416825981397  126.62690939826
 121200000  0.58825210335502587  0.20825454864718324  106.4222594140271
 121400000  0.58387389979703463  0.20628012961336212  123.97374910234242
 121600000  0.57431654537708288  0.20011238622013017  102.93484452562542
 121800000  0.57483157478257918  0.20011602664712061  136.10009546711635
 122000000  0.58259991099617436  0.19034310158631038  88.171023517104913
 122200000  0.58226695504032577  0.18159191574717309  129.5517100916833
 122400000  0.58412772521285539  0.16852635077780709  114.1681126319268
 122600000  0.58876642676760349  0.17721596025344064  99.65035272188311
 122800000  0.59586445189880233  0.18141831587665791  132.38237259368739
 123000000  0.59823344644138465  0.18174568741665773  107.82885991632935
 123200000  0.60341788576639932  0.18023792263782426  100.91676058751318
 123400000  0.61126197434929808  0.18570293752787609  130.15990947683662
 123600000  0.61786756303221213  0.18992743626653913  133.61687910908449
 123800000  0.62914282944165234  0.18798882118060514  102.29190800479189
 124000000  0.63046678135866574  0.18438503640936627  102.38263600220944
 124200000  0.63471899679709953  0.18256395191529298  120.80456550618604
 124400000  0.61046299265959991  0.17386277468651659  137.05256853893863
 124600000  0.60868756716796535  0.16835863820558955  112.36212088661753
 124800000  0.60194028610638117  0.16020501517166988  98.161707354886303
 125000000  0.59707494020695961  0.13618851961314668  100.47957669620284
 125200000  0.61549845192480912  0.13289472668551783  112.26289405582098
 125400000  0.62247288884250196  0.13640385386568765  135.31423007693709
 125600000  0.60905705019301937  0.13409967413314339  130.57061750381303
 125800000  0.61193049436560432  0.13474793385935471  105.86599373903316
 126000000  0.60778869419266723  0.13404355958518485  98.061503163755859
 126200000  0.60303001639907206  0.14022172005807845  95.018369228665534
 126400000  0.59259925611560405  0.13839461421904034  90.009016708475741
 126600000  0.60279221813035211  0.12402838896796907  77.466505214791724
 126800000  0.62045330217959349  0.14809496650937493  49.466228818167764
 127000000  0.62504366896904417  0.14285927986258048  40.474455424281267
 127200000  0.61264381717777427  0.12518159896955303  72.565343902916055
 127400000  0.61345712757026871  0.12792789259823398  90.375100212228219
 127600000  0.62304253811994148  0.14816004884196451  93.058288260756512
 127800000  0.62357190134274576  0.15531265444020476  71.873049889650616
 128000000  0.61583352789754742  0.14928027512027514  36.526398313501431
 128200000  0.61359931291586012  0.15011551664460746  47.467908906316858
 128400000  0.60900817390856432  0.15879647949579404  78.877858087576968
 128600000  0.62896584545293333  0.18622505789174415  82.014597263520159
 128800000  0.61540116870602313  0.1884242002064567  43.524844786109142
 129000000  0.62366720093149763  0.19713631572618204  30.738949983380962
 129200000  0.60978441815964246  0.20853076265529122  72.605454324963915
 129400000  0.62079246168665148  0.23911543226651163  58.655918602708823
 129600000  0.62931695866080717  0.24136982526340134  19.683495373901799
 
